## dioPeriod = 1.0
## startTime = 1463866686.96
## numMotes = 10
## otfHousekeepingPeriod = 5.0
## slotframeLength = 101
## squareSide = 2.0
## cpuID = None
## sixtopPdrThreshold = 1.5
## slotDuration = 0.01
## sixtopNoHousekeeping = 0
## pkPeriodVar = 0.05
## numCyclesPerRun = 100
## numRuns = 2
## otfThreshold = 4
## sixtopNoRemoveWorstCell = 0
## burstTimestamp = 20
## simDataDir = simData
## numChans = 16
## minRssi = -97
## noInterference = 0
## numPacketsBurst = 5
## gui = False
## pkPeriod = None
## combinationKeys = ['numMotes', 'otfThreshold']
## sixtopHousekeepingPeriod = 1.0


# appGenerated appReachesDagroot appRelayed aveHops aveLatency aveQueueDelay chargeConsumed collidedTxs cycle droppedAppFailedEnqueue droppedMacRetries droppedNoRoute droppedNoTxCells droppedQueueFull effectiveCollidedTxs numRxCells numTx numTxCells otfAdd otfRemove probableCollisions rplChurnParentSet rplChurnPrefParent rplChurnRank rplRxDIO rplTxDIO runNum scheduleCollisions topRxRelocatedCells topTxRelocatedBundles topTxRelocatedCells txQueueFill
             0                 0          0       0          0             0              0           0     0                       0                 0              0                0                0                    0          0     0          0      0         0                  0                 0                  0            0        0        0      0                  0                   0                     0                   0           0
             0                 0          0       0          0             0              0           0     1                       0                 0              0                0                0                    0          0     0          0      0         0                  0                22                  5            0       50       10      0                  0                   0                     0                   0           0
             0                 0          0       0          0             0              0           0     2                       0                 0              0                0                0                    0          0     0          0      0         0                  0                 0                 16            0       50       10      0                  0                   0                     0                   0           0
             0                 0          0       0          0             0              0           0     3                       0                 0              0                0                0                    0          0     0          0      0         0                  0                 0                 16            0       50       10      0                  0                   0                     0                   0           0
             0                 0          0       0          0             0         73.800           0     4                       0                 0              0                0                0                    0         14     0         14     14         0                  0                 0                 16            0       50       10      0                  0                   0                     0                   0           0
             0                 0          0       0          0             0        590.400           0     5                       0                 0              0                0                0                    0         21     0         21      7         0                  0                 0                 16            0       50       10      0                  0                   0                     0                   0           0
             0                 0          0       0          0             0       1107.000           0     6                       0                 0              0                0                0                    0         21     0         21      0         0                  0                 0                 16            0       50       10      0                  0                   0                     0                   0           0
             0                 0          0       0          0             0       1623.600           0     7                       0                 0              0                0                0                    0         21     0         21      0         0                  0                 0                 16            0       50       10      0                  0                   0                     0                   0           0
             0                 0          0       0          0             0       2140.200           0     8                       0                 0              0                0                0                    0         21     0         21      0         0                  0                 0                 16            0       50       10      0                  0                   0                     0                   0           0
             0                 0          0       0          0             0       2656.800           0     9                       0                 0              0                0                0                    0         21     0         21      0         0                  0                 0                 16            0       50       10      0                  0                   0                     0                   0           0
             0                 0          0       0          0             0       3173.400           0    10                       0                 0              0                0                0                    0         21     0         21      0         0                  0                 0                 16            0       50       10      0                  0                   0                     0                   0           0
             0                 0          0       0          0             0       3690.000           0    11                       0                 0              0                0                0                    0         21     0         21      0         0                  0                 0                 16            0       50       10      0                  0                   0                     0                   0           0
             0                 0          0       0          0             0       4206.600           0    12                       0                 0              0                0                0                    0         21     0         21      0         0                  0                 0                 16            0       50       10      0                  0                   0                     0                   0           0
             0                 0          0       0          0             0       4723.200           0    13                       0                 0              0                0                0                    0         21     0         21      0         0                  0                 0                 16            0       50       10      0                  0                   0                     0                   0           0
             0                 0          0       0          0             0       5239.800           0    14                       0                 0              0                0                0                    0         21     0         21      0         0                  0                 0                 16            0       50       10      0                  0                   0                     0                   0           0
             0                 0          0       0          0             0       5756.400           0    15                       0                 0              0                0                0                    0         21     0         21      0         0                  0                 0                 16            0       50       10      0                  0                   0                     0                   0           0
             0                 0          0       0          0             0       6273.000           0    16                       0                 0              0                0                0                    0         21     0         21      0         0                  0                 0                 16            0       50       10      0                  0                   0                     0                   0           0
             0                 0          0       0          0             0       6789.600           0    17                       0                 0              0                0                0                    0         21     0         21      0         0                  0                 0                 16            0       50       10      0                  0                   0                     0                   0           0
             0                 0          0       0          0             0       7306.200           0    18                       0                 0              0                0                0                    0         21     0         21      0         0                  0                 0                 16            0       50       10      0                  0                   0                     0                   0           0
             9                 0          2       0          0        20.000       8057.040           0    19                       0                 0              0                0                0                    0         21     2         21      0         0                  0                 0                 16            0       50       10      0                  0                   0                     0                   0           9
             0                 4          4   1.250     43.250       294.000       9575.420           0    20                       0                 0              0                0                0                    0         21    11         21      0         0                  0                 0                 16            0       50       10      0                  0                   0                     0                   0           5
             0                 3          0   2.000    139.000       366.000      10443.380           0    21                       0                 0              0                0                0                    0         21    14         21      0         0                  0                 0                 16            9       50       10      0                  0                   0                     0                   0           2
             0                 1          0   2.000    263.000       219.000      11077.100           0    22                       0                 0              0                0                0                    0         21    15         21      0         0                  0                 0                 16            6       50       10      0                  0                   0                     0                   0           1
             0                 1          0   2.000    364.000       289.000      11710.820           0    23                       0                 0              0                0                0                    0         21    16         21      0         0                  0                 2                 17            4       50       10      0                  0                   0                     0                   0           0
             0                 0          0       0          0             0      12325.820           0    24                       0                 0              0                0                0                    0         25    16         25      2         0                  0                 0                 14            4       50       10      0                  0                   0                     0                   0           0
             0                 0          0       0          0             0      12940.820           0    25                       0                 0              0                0                0                    0         25    16         25      0         0                  0                 0                 14            0       50       10      0                  0                   0                     0                   0           0
             0                 0          0       0          0             0      13555.820           0    26                       0                 0              0                0                0                    0         25    16         25      0         0                  0                 0                 14            0       50       10      0                  0                   0                     0                   0           0
             0                 0          0       0          0             0      14170.820           0    27                       0                 0              0                0                0                    0         25    16         25      0         0                  0                 0                 14            0       50       10      0                  0                   0                     0                   0           0
             0                 0          0       0          0             0      14785.820           0    28                       0                 0              0                0                0                    0         25    16         25      0         0                  0                 0                 14            0       50       10      0                  0                   0                     0                   0           0
             0                 0          0       0          0             0      15400.820           0    29                       0                 0              0                0                0                    0         25    16         25      0         0                  0                 0                 14            0       50       10      0                  0                   0                     0                   0           0
             0                 0          0       0          0             0      16015.820           0    30                       0                 0              0                0                0                    0         25    16         25      0         0                  0                 0                 14            0       50       10      0                  0                   0                     0                   0           0
             0                 0          0       0          0             0      16630.820           0    31                       0                 0              0                0                0                    0         25    16         25      0         0                  0                 0                 14            0       50       10      0                  0                   0                     0                   0           0
             0                 0          0       0          0             0      17245.820           0    32                       0                 0              0                0                0                    0         25    16         25      0         0                  0                 0                 14            0       50       10      0                  0                   0                     0                   0           0
             0                 0          0       0          0             0      17860.820           0    33                       0                 0              0                0                0                    0         25    16         25      0         0                  0                 0                 14            0       50       10      0                  0                   0                     0                   0           0
             0                 0          0       0          0             0      18475.820           0    34                       0                 0              0                0                0                    0         25    16         25      0         0                  0                 0                 14            0       50       10      0                  0                   0                     0                   0           0
             0                 0          0       0          0             0      19090.820           0    35                       0                 0              0                0                0                    0         25    16         25      0         0                  0                 0                 14            0       50       10      0                  0                   0                     0                   0           0
             0                 0          0       0          0             0      19705.820           0    36                       0                 0              0                0                0                    0         25    16         25      0         0                  0                 0                 14            0       50       10      0                  0                   0                     0                   0           0
             0                 0          0       0          0             0      20320.820           0    37                       0                 0              0                0                0                    0         25    16         25      0         0                  0                 0                 14            0       50       10      0                  0                   0                     0                   0           0
             0                 0          0       0          0             0      20935.820           0    38                       0                 0              0                0                0                    0         25    16         25      0         0                  0                 0                 14            0       50       10      0                  0                   0                     0                   0           0
             0                 0          0       0          0             0      21550.820           0    39                       0                 0              0                0                0                    0         25    16         25      0         0                  0                 0                 14            0       50       10      0                  0                   0                     0                   0           0
             0                 0          0       0          0             0      22165.820           0    40                       0                 0              0                0                0                    0         25    16         25      0         0                  0                 0                 14            0       50       10      0                  0                   0                     0                   0           0
             0                 0          0       0          0             0      22780.820           0    41                       0                 0              0                0                0                    0         25    16         25      0         0                  0                 0                 14            0       50       10      0                  0                   0                     0                   0           0
             0                 0          0       0          0             0      23395.820           0    42                       0                 0              0                0                0                    0         25    16         25      0         0                  0                 0                 14            0       50       10      0                  0                   0                     0                   0           0
             0                 0          0       0          0             0      24010.820           0    43                       0                 0              0                0                0                    0         25    16         25      0         0                  0                 0                 14            0       50       10      0                  0                   0                     0                   0           0
             0                 0          0       0          0             0      24625.820           0    44                       0                 0              0                0                0                    0         25    16         25      0         0                  0                 0                 14            0       50       10      0                  0                   0                     0                   0           0
             0                 0          0       0          0             0      25240.820           0    45                       0                 0              0                0                0                    0         25    16         25      0         0                  0                 0                 14            0       50       10      0                  0                   0                     0                   0           0
             0                 0          0       0          0             0      25855.820           0    46                       0                 0              0                0                0                    0         25    16         25      0         0                  0                 0                 14            0       50       10      0                  0                   0                     0                   0           0
             0                 0          0       0          0             0      26470.820           0    47                       0                 0              0                0                0                    0         25    16         25      0         0                  0                 0                 14            0       50       10      0                  0                   0                     0                   0           0
             0                 0          0       0          0             0      27085.820           0    48                       0                 0              0                0                0                    0         25    16         25      0         0                  0                 0                 14            0       50       10      0                  0                   0                     0                   0           0
             0                 0          0       0          0             0      27700.820           0    49                       0                 0              0                0                0                    0         25    16         25      0         0                  0                 0                 14            0       50       10      0                  0                   0                     0                   0           0
             0                 0          0       0          0             0      28315.820           0    50                       0                 0              0                0                0                    0         25    16         25      0         0                  0                 0                 14            0       50       10      0                  0                   0                     0                   0           0
             0                 0          0       0          0             0      28930.820           0    51                       0                 0              0                0                0                    0         25    16         25      0         0                  0                 0                 14            0       50       10      0                  0                   0                     0                   0           0
             0                 0          0       0          0             0      29545.820           0    52                       0                 0              0                0                0                    0         25    16         25      0         0                  0                 0                 14            0       50       10      0                  0                   0                     0                   0           0
             0                 0          0       0          0             0      30160.820           0    53                       0                 0              0                0                0                    0         25    16         25      0         0                  0                 0                 14            0       50       10      0                  0                   0                     0                   0           0
             0                 0          0       0          0             0      30775.820           0    54                       0                 0              0                0                0                    0         25    16         25      0         0                  0                 0                 14            0       50       10      0                  0                   0                     0                   0           0
             0                 0          0       0          0             0      31390.820           0    55                       0                 0              0                0                0                    0         25    16         25      0         0                  0                 0                 14            0       50       10      0                  0                   0                     0                   0           0
             0                 0          0       0          0             0      32005.820           0    56                       0                 0              0                0                0                    0         25    16         25      0         0                  0                 0                 14            0       50       10      0                  0                   0                     0                   0           0
             0                 0          0       0          0             0      32620.820           0    57                       0                 0              0                0                0                    0         25    16         25      0         0                  0                 0                 14            0       50       10      0                  0                   0                     0                   0           0
             0                 0          0       0          0             0      33235.820           0    58                       0                 0              0                0                0                    0         25    16         25      0         0                  0                 0                 14            0       50       10      0                  0                   0                     0                   0           0
             9                 0          9       0          0       121.000      35151.660           0    59                       0                 0              0                0                1                    0         25    28         25      0         0                  0                 0                 14            0       50       10      0                  0                   0                     0                   0           9
             0                 4          1   1.750     83.250       309.000      36534.200           0    60                       0                 0              0                0                1                    0         25    35         25      0         0                  0                 0                 14            2       50       10      0                  0                   0                     0                   0           5
             0                 3          0   2.000    231.000       214.333      37549.760           0    61                       0                 0              0                0                0                    0         28    38         28      1         0                  0                 0                 14            9       50       10      0                  0                   0                     0                   0           2
             0                 2          0   3.000    289.500       201.500      38472.800           0    62                       0                 0              0                0                0                    0         28    40         28      0         0                  0                 0                 14            4       50       10      0                  0                   0                     0                   0           0
             0                 0          0       0          0             0      39161.600           0    63                       0                 0              0                0                0                    0         28    40         28      0         0                  0                 0                 14            4       50       10      0                  0                   0                     0                   0           0
             0                 0          0       0          0             0      39850.400           0    64                       0                 0              0                0                0                    0         28    40         28      0         0                  0                 0                 14            0       50       10      0                  0                   0                     0                   0           0
             0                 0          0       0          0             0      40539.200           0    65                       0                 0              0                0                0                    0         28    40         28      0         0                  0                 0                 14            0       50       10      0                  0                   0                     0                   0           0
             0                 0          0       0          0             0      41228.000           0    66                       0                 0              0                0                0                    0         28    40         28      0         0                  0                 0                 14            0       50       10      0                  0                   0                     0                   0           0
             0                 0          0       0          0             0      41916.800           0    67                       0                 0              0                0                0                    0         28    40         28      0         0                  0                 0                 14            0       50       10      0                  0                   0                     0                   0           0
             0                 0          0       0          0             0      42605.600           0    68                       0                 0              0                0                0                    0         28    40         28      0         0                  0                 0                 14            0       50       10      0                  0                   0                     0                   0           0
             0                 0          0       0          0             0      43294.400           0    69                       0                 0              0                0                0                    0         28    40         28      0         0                  0                 0                 14            0       50       10      0                  0                   0                     0                   0           0
             0                 0          0       0          0             0      43983.200           0    70                       0                 0              0                0                0                    0         28    40         28      0         0                  0                 0                 14            0       50       10      0                  0                   0                     0                   0           0
             0                 0          0       0          0             0      44672.000           0    71                       0                 0              0                0                0                    0         28    40         28      0         0                  0                 0                 14            0       50       10      0                  0                   0                     0                   0           0
             0                 0          0       0          0             0      45360.800           0    72                       0                 0              0                0                0                    0         28    40         28      0         0                  0                 0                 14            0       50       10      0                  0                   0                     0                   0           0
             0                 0          0       0          0             0      46049.600           0    73                       0                 0              0                0                0                    0         28    40         28      0         0                  0                 0                 14            0       50       10      0                  0                   0                     0                   0           0
             0                 0          0       0          0             0      46738.400           0    74                       0                 0              0                0                0                    0         28    40         28      0         0                  0                 0                 14            0       50       10      0                  0                   0                     0                   0           0
             0                 0          0       0          0             0      47427.200           0    75                       0                 0              0                0                0                    0         28    40         28      0         0                  0                 0                 14            0       50       10      0                  0                   0                     0                   0           0
             0                 0          0       0          0             0      48116.000           0    76                       0                 0              0                0                0                    0         28    40         28      0         0                  0                 0                 14            0       50       10      0                  0                   0                     0                   0           0
             0                 0          0       0          0             0      48804.800           0    77                       0                 0              0                0                0                    0         28    40         28      0         0                  0                 0                 14            0       50       10      0                  0                   0                     0                   0           0
             0                 0          0       0          0             0      49493.600           0    78                       0                 0              0                0                0                    0         28    40         28      0         0                  0                 0                 14            0       50       10      0                  0                   0                     0                   0           0
             0                 0          0       0          0             0      50182.400           0    79                       0                 0              0                0                0                    0         28    40         28      0         0                  0                 0                 14            0       50       10      0                  0                   0                     0                   0           0
             0                 0          0       0          0             0      50871.200           0    80                       0                 0              0                0                0                    0         28    40         28      0         0                  0                 0                 14            0       50       10      0                  0                   0                     0                   0           0
             0                 0          0       0          0             0      51560.000           0    81                       0                 0              0                0                0                    0         28    40         28      0         0                  0                 0                 14            0       50       10      0                  0                   0                     0                   0           0
             0                 0          0       0          0             0      52248.800           0    82                       0                 0              0                0                0                    0         28    40         28      0         0                  0                 0                 14            0       50       10      0                  0                   0                     0                   0           0
             0                 0          0       0          0             0      52937.600           0    83                       0                 0              0                0                0                    0         28    40         28      0         0                  0                 0                 14            0       50       10      0                  0                   0                     0                   0           0
             0                 0          0       0          0             0      53626.400           0    84                       0                 0              0                0                0                    0         28    40         28      0         0                  0                 0                 14            0       50       10      0                  0                   0                     0                   0           0
             0                 0          0       0          0             0      54315.200           0    85                       0                 0              0                0                0                    0         28    40         28      0         0                  0                 0                 14            0       50       10      0                  0                   0                     0                   0           0
             0                 0          0       0          0             0      55004.000           0    86                       0                 0              0                0                0                    0         28    40         28      0         0                  0                 0                 14            0       50       10      0                  0                   0                     0                   0           0
             0                 0          0       0          0             0      55692.800           0    87                       0                 0              0                0                0                    0         28    40         28      0         0                  0                 0                 14            0       50       10      0                  0                   0                     0                   0           0
             0                 0          0       0          0             0      56381.600           0    88                       0                 0              0                0                0                    0         28    40         28      0         0                  0                 0                 14            0       50       10      0                  0                   0                     0                   0           0
             0                 0          0       0          0             0      57070.400           0    89                       0                 0              0                0                0                    0         28    40         28      0         0                  0                 0                 14            0       50       10      0                  0                   0                     0                   0           0
             0                 0          0       0          0             0      57759.200           0    90                       0                 0              0                0                0                    0         28    40         28      0         0                  0                 0                 14            0       50       10      0                  0                   0                     0                   0           0
             0                 0          0       0          0             0      58448.000           0    91                       0                 0              0                0                0                    0         28    40         28      0         0                  0                 0                 14            0       50       10      0                  0                   0                     0                   0           0
             0                 0          0       0          0             0      59136.800           0    92                       0                 0              0                0                0                    0         28    40         28      0         0                  0                 0                 14            0       50       10      0                  0                   0                     0                   0           0
             0                 0          0       0          0             0      59825.600           0    93                       0                 0              0                0                0                    0         28    40         28      0         0                  0                 0                 14            0       50       10      0                  0                   0                     0                   0           0
             0                 0          0       0          0             0      60514.400           0    94                       0                 0              0                0                0                    0         28    40         28      0         0                  0                 0                 14            0       50       10      0                  0                   0                     0                   0           0
             0                 0          0       0          0             0      61203.200           0    95                       0                 0              0                0                0                    0         28    40         28      0         0                  0                 0                 14            0       50       10      0                  0                   0                     0                   0           0
             0                 0          0       0          0             0      61892.000           0    96                       0                 0              0                0                0                    0         28    40         28      0         0                  0                 0                 14            0       50       10      0                  0                   0                     0                   0           0
             0                 0          0       0          0             0      62580.800           0    97                       0                 0              0                0                0                    0         28    40         28      0         0                  0                 0                 14            0       50       10      0                  0                   0                     0                   0           0
             0                 0          0       0          0             0      63269.600           0    98                       0                 0              0                0                0                    0         28    40         28      0         0                  0                 0                 14            0       50       10      0                  0                   0                     0                   0           0
             0                 0          0       0          0             0      63958.400           0    99                       0                 0              0                0                0                    0         28    40         28      0         0                  0                 0                 14            0       50       10      0                  0                   0                     0                   0           0
#pos runNum=0 0@(1.00000,1.00000)@0 1@(1.04354,1.30848)@768 2@(1.06684,1.12746)@538 3@(1.00093,1.23910)@554 4@(0.82419,1.16491)@1572 5@(1.00521,1.21435)@554 6@(0.79493,1.23230)@1393 7@(0.86726,1.39625)@1476 8@(1.00466,1.36073)@1562 9@(0.94507,1.20209)@1101
#links runNum=0 1-2@-93dBm@0.647 2-9@-87dBm@0.947 3-9@-85dBm@0.963 0-5@-88dBm@0.933 5-9@-85dBm@0.960 2-5@-87dBm@0.940 2-8@-93dBm@0.592 2-7@-93dBm@0.553 0-1@-92dBm@0.698 6-8@-94dBm@0.377 5-7@-88dBm@0.906 1-3@-86dBm@0.952 2-3@-93dBm@0.657 6-7@-89dBm@0.866 5-8@-84dBm@0.970 3-4@-90dBm@0.863 1-5@-89dBm@0.880 8-9@-90dBm@0.863 5-6@-92dBm@0.693 0-2@-87dBm@0.945 2-6@-91dBm@0.788 7-8@-91dBm@0.746 1-4@-92dBm@0.661 1-6@-90dBm@0.863 0-3@-88dBm@0.934 3-5@-86dBm@0.950 2-4@-88dBm@0.907
#aveChargePerCycle runNum=0 0@131.43 1@51.03 2@226.96 3@74.40 4@1.30 5@98.66 6@27.13 7@1.30 8@1.30 9@26.08
# appGenerated appReachesDagroot appRelayed aveHops aveLatency aveQueueDelay chargeConsumed collidedTxs cycle droppedAppFailedEnqueue droppedMacRetries droppedNoRoute droppedNoTxCells droppedQueueFull effectiveCollidedTxs numRxCells numTx numTxCells otfAdd otfRemove probableCollisions rplChurnParentSet rplChurnPrefParent rplChurnRank rplRxDIO rplTxDIO runNum scheduleCollisions topRxRelocatedCells topTxRelocatedBundles topTxRelocatedCells txQueueFill
             0                 0          0       0          0             0              0           0     0                       0                 0              0                0                0                    0          0     0          0      0         0                  0                 0                  0            0        0        0      1                  0                   0                     0                   0           0
             0                 0          0       0          0             0              0           0     1                       0                 0              0                0                0                    0          0     0          0      0         0                  0                19                  0            0       41       10      1                  0                   0                     0                   0           0
             0                 0          0       0          0             0              0           0     2                       0                 0              0                0                0                    0          0     0          0      0         0                  0                 0                  0            0       41       10      1                  0                   0                     0                   0           0
             0                 0          0       0          0             0              0           0     3                       0                 0              0                0                0                    0          0     0          0      0         0                  0                 0                  0            0       41       10      1                  0                   0                     0                   0           0
             0                 0          0       0          0             0         49.200           0     4                       0                 0              0                0                0                    0         10     0         10     10         0                  0                 0                  0            0       41       10      1                  0                   0                     0                   0           0
             0                 0          0       0          0             0        516.600           0     5                       0                 0              0                0                0                    0         19     0         19      9         0                  0                 0                  0            0       41       10      1                  0                   0                     0                   0           0
             0                 0          0       0          0             0        984.000           0     6                       0                 0              0                0                0                    0         19     0         19      0         0                  0                 0                  0            0       41       10      1                  0                   0                     0                   0           0
             0                 0          0       0          0             0       1451.400           0     7                       0                 0              0                0                0                    0         19     0         19      0         0                  0                 0                  0            0       41       10      1                  0                   0                     0                   0           0
             0                 0          0       0          0             0       1918.800           0     8                       0                 0              0                0                0                    0         19     0         19      0         0                  0                 0                  0            0       41       10      1                  0                   0                     0                   0           0
             0                 0          0       0          0             0       2386.200           0     9                       0                 0              0                0                0                    0         19     0         19      0         0                  0                 0                  0            0       41       10      1                  0                   0                     0                   0           0
             0                 0          0       0          0             0       2853.600           0    10                       0                 0              0                0                0                    0         19     0         19      0         0                  0                 0                  0            0       41       10      1                  0                   0                     0                   0           0
             0                 0          0       0          0             0       3321.000           0    11                       0                 0              0                0                0                    0         19     0         19      0         0                  0                 0                  0            0       41       10      1                  0                   0                     0                   0           0
             0                 0          0       0          0             0       3788.400           0    12                       0                 0              0                0                0                    0         19     0         19      0         0                  0                 0                  0            0       41       10      1                  0                   0                     0                   0           0
             0                 0          0       0          0             0       4255.800           0    13                       0                 0              0                0                0                    0         19     0         19      0         0                  0                 0                  0            0       41       10      1                  0                   0                     0                   0           0
             0                 0          0       0          0             0       4723.200           0    14                       0                 0              0                0                0                    0         19     0         19      0         0                  0                 0                  0            0       41       10      1                  0                   0                     0                   0           0
             0                 0          0       0          0             0       5190.600           0    15                       0                 0              0                0                0                    0         19     0         19      0         0                  0                 0                  0            0       41       10      1                  0                   0                     0                   0           0
             0                 0          0       0          0             0       5658.000           0    16                       0                 0              0                0                0                    0         19     0         19      0         0                  0                 0                  0            0       41       10      1                  0                   0                     0                   0           0
             0                 0          0       0          0             0       6125.400           0    17                       0                 0              0                0                0                    0         19     0         19      0         0                  0                 0                  0            0       41       10      1                  0                   0                     0                   0           0
             0                 0          0       0          0             0       6592.800           0    18                       0                 0              0                0                0                    0         19     0         19      0         0                  0                 0                  0            0       41       10      1                  0                   0                     0                   0           0
             9                 2          0   1.000     11.000        22.000       7359.260           0    19                       0                 0              0                0                0                    0         19     3         19      0         0                  0                 0                  0            0       41       10      1                  0                   0                     0                   0           7
             0                 6          5   1.500     65.500       418.500       9253.600           0    20                       0                 0              0                0                0                    0         23    15         23      2         0                  0                 3                  0            3       41       10      1                  0                   0                     0                   0           1
             0                 1          0   3.000    176.000        64.000       9838.120           0    21                       0                 0              0                0                0                    0         19    14         19      0         0                  0                 4                  0            6       41       10      1                  0                   0                     0                   0           0
             0                 0          0       0          0             0      10305.520           0    22                       0                 0              0                0                0                    0         19    14         19      0         0                  0                 1                  0            1       41       10      1                  0                   0                     0                   0           0
             0                 0          0       0          0             0      10772.920           0    23                       0                 0              0                0                0                    0         19    14         19      0         0                  0                 0                  0            0       41       10      1                  0                   0                     0                   0           0
             0                 0          0       0          0             0      11240.320           0    24                       0                 0              0                0                0                    0         20    14         20      1         0                  0                 0                  0            0       41       10      1                  0                   0                     0                   0           0
             0                 0          0       0          0             0      11732.320           0    25                       0                 0              0                0                0                    0         20    14         20      0         0                  0                 0                  0            0       41       10      1                  0                   0                     0                   0           0
             0                 0          0       0          0             0      12224.320           0    26                       0                 0              0                0                0                    0         20    14         20      0         0                  0                 0                  0            0       41       10      1                  0                   0                     0                   0           0
             0                 0          0       0          0             0      12716.320           0    27                       0                 0              0                0                0                    0         20    14         20      0         0                  0                 0                  0            0       41       10      1                  0                   0                     0                   0           0
             0                 0          0       0          0             0      13208.320           0    28                       0                 0              0                0                0                    0         20    14         20      0         0                  0                 0                  0            0       41       10      1                  0                   0                     0                   0           0
             0                 0          0       0          0             0      13700.320           0    29                       0                 0              0                0                0                    0         20    14         20      0         0                  0                 0                  0            0       41       10      1                  0                   0                     0                   0           0
             0                 0          0       0          0             0      14192.320           0    30                       0                 0              0                0                0                    0         20    14         20      0         0                  0                 0                  0            0       41       10      1                  0                   0                     0                   0           0
             0                 0          0       0          0             0      14684.320           0    31                       0                 0              0                0                0                    0         20    14         20      0         0                  0                 0                  0            0       41       10      1                  0                   0                     0                   0           0
             0                 0          0       0          0             0      15176.320           0    32                       0                 0              0                0                0                    0         20    14         20      0         0                  0                 0                  0            0       41       10      1                  0                   0                     0                   0           0
             0                 0          0       0          0             0      15668.320           0    33                       0                 0              0                0                0                    0         20    14         20      0         0                  0                 0                  0            0       41       10      1                  0                   0                     0                   0           0
             0                 0          0       0          0             0      16160.320           0    34                       0                 0              0                0                0                    0         20    14         20      0         0                  0                 0                  0            0       41       10      1                  0                   0                     0                   0           0
             0                 0          0       0          0             0      16652.320           0    35                       0                 0              0                0                0                    0         20    14         20      0         0                  0                 0                  0            0       41       10      1                  0                   0                     0                   0           0
             0                 0          0       0          0             0      17144.320           0    36                       0                 0              0                0                0                    0         20    14         20      0         0                  0                 0                  0            0       41       10      1                  0                   0                     0                   0           0
             0                 0          0       0          0             0      17636.320           0    37                       0                 0              0                0                0                    0         20    14         20      0         0                  0                 0                  0            0       41       10      1                  0                   0                     0                   0           0
             0                 0          0       0          0             0      18128.320           0    38                       0                 0              0                0                0                    0         20    14         20      0         0                  0                 0                  0            0       41       10      1                  0                   0                     0                   0           0
             0                 0          0       0          0             0      18620.320           0    39                       0                 0              0                0                0                    0         20    14         20      0         0                  0                 0                  0            0       41       10      1                  0                   0                     0                   0           0
             0                 0          0       0          0             0      19112.320           0    40                       0                 0              0                0                0                    0         20    14         20      0         0                  0                 0                  0            0       41       10      1                  0                   0                     0                   0           0
             0                 0          0       0          0             0      19604.320           0    41                       0                 0              0                0                0                    0         20    14         20      0         0                  0                 0                  0            0       41       10      1                  0                   0                     0                   0           0
             0                 0          0       0          0             0      20096.320           0    42                       0                 0              0                0                0                    0         20    14         20      0         0                  0                 0                  0            0       41       10      1                  0                   0                     0                   0           0
             0                 0          0       0          0             0      20588.320           0    43                       0                 0              0                0                0                    0         20    14         20      0         0                  0                 0                  0            0       41       10      1                  0                   0                     0                   0           0
             0                 0          0       0          0             0      21080.320           0    44                       0                 0              0                0                0                    0         20    14         20      0         0                  0                 0                  0            0       41       10      1                  0                   0                     0                   0           0
             0                 0          0       0          0             0      21572.320           0    45                       0                 0              0                0                0                    0         20    14         20      0         0                  0                 0                  0            0       41       10      1                  0                   0                     0                   0           0
             0                 0          0       0          0             0      22064.320           0    46                       0                 0              0                0                0                    0         20    14         20      0         0                  0                 0                  0            0       41       10      1                  0                   0                     0                   0           0
             0                 0          0       0          0             0      22556.320           0    47                       0                 0              0                0                0                    0         20    14         20      0         0                  0                 0                  0            0       41       10      1                  0                   0                     0                   0           0
             0                 0          0       0          0             0      23048.320           0    48                       0                 0              0                0                0                    0         20    14         20      0         0                  0                 0                  0            0       41       10      1                  0                   0                     0                   0           0
             0                 0          0       0          0             0      23540.320           0    49                       0                 0              0                0                0                    0         20    14         20      0         0                  0                 0                  0            0       41       10      1                  0                   0                     0                   0           0
             0                 0          0       0          0             0      24032.320           0    50                       0                 0              0                0                0                    0         20    14         20      0         0                  0                 0                  0            0       41       10      1                  0                   0                     0                   0           0
             0                 0          0       0          0             0      24524.320           0    51                       0                 0              0                0                0                    0         20    14         20      0         0                  0                 0                  0            0       41       10      1                  0                   0                     0                   0           0
             0                 0          0       0          0             0      25016.320           0    52                       0                 0              0                0                0                    0         20    14         20      0         0                  0                 0                  0            0       41       10      1                  0                   0                     0                   0           0
             0                 0          0       0          0             0      25508.320           0    53                       0                 0              0                0                0                    0         20    14         20      0         0                  0                 0                  0            0       41       10      1                  0                   0                     0                   0           0
             0                 0          0       0          0             0      26000.320           0    54                       0                 0              0                0                0                    0         20    14         20      0         0                  0                 0                  0            0       41       10      1                  0                   0                     0                   0           0
             0                 0          0       0          0             0      26492.320           0    55                       0                 0              0                0                0                    0         20    14         20      0         0                  0                 0                  0            0       41       10      1                  0                   0                     0                   0           0
             0                 0          0       0          0             0      26984.320           0    56                       0                 0              0                0                0                    0         20    14         20      0         0                  0                 0                  0            0       41       10      1                  0                   0                     0                   0           0
             0                 0          0       0          0             0      27476.320           0    57                       0                 0              0                0                0                    0         20    14         20      0         0                  0                 0                  0            0       41       10      1                  0                   0                     0                   0           0
             0                 0          0       0          0             0      27968.320           0    58                       0                 0              0                0                0                    0         20    14         20      0         0                  0                 0                  0            0       41       10      1                  0                   0                     0                   0           0
             9                 3          5   1.000     38.667       250.000      29462.100           0    59                       0                 0              0                0                0                    0         20    23         20      0         0                  0                 0                  0            0       41       10      1                  0                   0                     0                   0           6
             0                 5          0   1.800    125.000       529.000      30669.340           0    60                       0                 0              0                0                0                    0         20    30         20      0         0                  0                 0                  0            4       41       10      1                  0                   0                     0                   0           1
             0                 1          0   2.000    216.000       178.000      31253.860           0    61                       0                 0              0                0                0                    0         19    30         19      0         0                  0                 2                  0            5       41       10      1                  0                   0                     0                   0           0
             0                 0          0       0          0             0      31721.260           0    62                       0                 0              0                0                0                    0         19    30         19      0         0                  0                 1                  0            1       41       10      1                  0                   0                     0                   0           0
             0                 0          0       0          0             0      32188.660           0    63                       0                 0              0                0                0                    0         19    30         19      0         0                  0                 0                  0            0       41       10      1                  0                   0                     0                   0           0
             0                 0          0       0          0             0      32680.660           0    64                       0                 0              0                0                0                    0         21    30         21      1         0                  0                 0                  0            0       41       10      1                  0                   0                     0                   0           0
             0                 0          0       0          0             0      33197.260           0    65                       0                 0              0                0                0                    0         21    30         21      0         0                  0                 0                  0            0       41       10      1                  0                   0                     0                   0           0
             0                 0          0       0          0             0      33713.860           0    66                       0                 0              0                0                0                    0         23    30         23      1         0                  0                 0                  0            0       41       10      1                  0                   0                     0                   0           0
             0                 0          0       0          0             0      34279.660           0    67                       0                 0              0                0                0                    0         23    30         23      0         0                  0                 0                  0            0       41       10      1                  0                   0                     0                   0           0
             0                 0          0       0          0             0      34845.460           0    68                       0                 0              0                0                0                    0         23    30         23      0         0                  0                 0                  0            0       41       10      1                  0                   0                     0                   0           0
             0                 0          0       0          0             0      35411.260           0    69                       0                 0              0                0                0                    0         23    30         23      0         0                  0                 0                  0            0       41       10      1                  0                   0                     0                   0           0
             0                 0          0       0          0             0      35977.060           0    70                       0                 0              0                0                0                    0         23    30         23      0         0                  0                 0                  0            0       41       10      1                  0                   0                     0                   0           0
             0                 0          0       0          0             0      36542.860           0    71                       0                 0              0                0                0                    0         23    30         23      0         0                  0                 0                  0            0       41       10      1                  0                   0                     0                   0           0
             0                 0          0       0          0             0      37108.660           0    72                       0                 0              0                0                0                    0         23    30         23      0         0                  0                 0                  0            0       41       10      1                  0                   0                     0                   0           0
             0                 0          0       0          0             0      37674.460           0    73                       0                 0              0                0                0                    0         23    30         23      0         0                  0                 0                  0            0       41       10      1                  0                   0                     0                   0           0
             0                 0          0       0          0             0      38240.260           0    74                       0                 0              0                0                0                    0         23    30         23      0         0                  0                 0                  0            0       41       10      1                  0                   0                     0                   0           0
             0                 0          0       0          0             0      38806.060           0    75                       0                 0              0                0                0                    0         23    30         23      0         0                  0                 0                  0            0       41       10      1                  0                   0                     0                   0           0
             0                 0          0       0          0             0      39371.860           0    76                       0                 0              0                0                0                    0         23    30         23      0         0                  0                 0                  0            0       41       10      1                  0                   0                     0                   0           0
             0                 0          0       0          0             0      39937.660           0    77                       0                 0              0                0                0                    0         23    30         23      0         0                  0                 0                  0            0       41       10      1                  0                   0                     0                   0           0
             0                 0          0       0          0             0      40503.460           0    78                       0                 0              0                0                0                    0         23    30         23      0         0                  0                 0                  0            0       41       10      1                  0                   0                     0                   0           0
             0                 0          0       0          0             0      41069.260           0    79                       0                 0              0                0                0                    0         23    30         23      0         0                  0                 0                  0            0       41       10      1                  0                   0                     0                   0           0
             0                 0          0       0          0             0      41635.060           0    80                       0                 0              0                0                0                    0         23    30         23      0         0                  0                 0                  0            0       41       10      1                  0                   0                     0                   0           0
             0                 0          0       0          0             0      42200.860           0    81                       0                 0              0                0                0                    0         23    30         23      0         0                  0                 0                  0            0       41       10      1                  0                   0                     0                   0           0
             0                 0          0       0          0             0      42766.660           0    82                       0                 0              0                0                0                    0         23    30         23      0         0                  0                 0                  0            0       41       10      1                  0                   0                     0                   0           0
             0                 0          0       0          0             0      43332.460           0    83                       0                 0              0                0                0                    0         23    30         23      0         0                  0                 0                  0            0       41       10      1                  0                   0                     0                   0           0
             0                 0          0       0          0             0      43898.260           0    84                       0                 0              0                0                0                    0         23    30         23      0         0                  0                 0                  0            0       41       10      1                  0                   0                     0                   0           0
             0                 0          0       0          0             0      44464.060           0    85                       0                 0              0                0                0                    0         23    30         23      0         0                  0                 0                  0            0       41       10      1                  0                   0                     0                   0           0
             0                 0          0       0          0             0      45029.860           0    86                       0                 0              0                0                0                    0         23    30         23      0         0                  0                 0                  0            0       41       10      1                  0                   0                     0                   0           0
             0                 0          0       0          0             0      45595.660           0    87                       0                 0              0                0                0                    0         23    30         23      0         0                  0                 0                  0            0       41       10      1                  0                   0                     0                   0           0
             0                 0          0       0          0             0      46161.460           0    88                       0                 0              0                0                0                    0         23    30         23      0         0                  0                 0                  0            0       41       10      1                  0                   0                     0                   0           0
             0                 0          0       0          0             0      46727.260           0    89                       0                 0              0                0                0                    0         23    30         23      0         0                  0                 0                  0            0       41       10      1                  0                   0                     0                   0           0
             0                 0          0       0          0             0      47293.060           0    90                       0                 0              0                0                0                    0         23    30         23      0         0                  0                 0                  0            0       41       10      1                  0                   0                     0                   0           0
             0                 0          0       0          0             0      47858.860           0    91                       0                 0              0                0                0                    0         23    30         23      0         0                  0                 0                  0            0       41       10      1                  0                   0                     0                   0           0
             0                 0          0       0          0             0      48424.660           0    92                       0                 0              0                0                0                    0         23    30         23      0         0                  0                 0                  0            0       41       10      1                  0                   0                     0                   0           0
             0                 0          0       0          0             0      48990.460           0    93                       0                 0              0                0                0                    0         23    30         23      0         0                  0                 0                  0            0       41       10      1                  0                   0                     0                   0           0
             0                 0          0       0          0             0      49556.260           0    94                       0                 0              0                0                0                    0         23    30         23      0         0                  0                 0                  0            0       41       10      1                  0                   0                     0                   0           0
             0                 0          0       0          0             0      50122.060           0    95                       0                 0              0                0                0                    0         23    30         23      0         0                  0                 0                  0            0       41       10      1                  0                   0                     0                   0           0
             0                 0          0       0          0             0      50687.860           0    96                       0                 0              0                0                0                    0         23    30         23      0         0                  0                 0                  0            0       41       10      1                  0                   0                     0                   0           0
             0                 0          0       0          0             0      51253.660           0    97                       0                 0              0                0                0                    0         23    30         23      0         0                  0                 0                  0            0       41       10      1                  0                   0                     0                   0           0
             0                 0          0       0          0             0      51819.460           0    98                       0                 0              0                0                0                    0         23    30         23      0         0                  0                 0                  0            0       41       10      1                  0                   0                     0                   0           0
             0                 0          0       0          0             0      52385.260           0    99                       0                 0              0                0                0                    0         23    30         23      0         0                  0                 0                  0            0       41       10      1                  0                   0                     0                   0           0
#pos runNum=1 0@(1.00000,1.00000)@0 1@(1.27438,1.11689)@614 2@(1.09494,0.95080)@625 3@(1.06158,0.96429)@665 4@(0.99655,1.06531)@548 5@(1.26265,1.36505)@1024 6@(1.06477,1.04477)@551 7@(0.99934,0.89037)@704 8@(0.96795,0.87574)@938 9@(1.08920,1.21096)@605
#links runNum=1 0-7@-92dBm@0.712 5-7@-96dBm@0.153 4-7@-89dBm@0.865 3-4@-88dBm@0.932 0-9@-88dBm@0.908 1-4@-90dBm@0.857 6-7@-92dBm@0.685 2-3@-75dBm@1.000 0-4@-80dBm@0.994 8-9@-96dBm@0.151 2-8@-86dBm@0.955 0-3@-89dBm@0.873 4-6@-82dBm@0.984 0-6@-80dBm@0.993 2-4@-85dBm@0.963 4-5@-93dBm@0.566 0-5@-93dBm@0.596 0-8@-93dBm@0.539 1-2@-88dBm@0.918 1-3@-90dBm@0.809 0-1@-90dBm@0.822 5-9@-92dBm@0.683 3-8@-90dBm@0.851 0-2@-89dBm@0.869 1-5@-89dBm@0.891 3-6@-86dBm@0.951 7-9@-93dBm@0.642
#aveChargePerCycle runNum=1 0@219.99 1@53.33 2@27.38 3@28.64 4@137.90 5@1.30 6@50.38 7@1.30 8@1.94 9@1.94