## dioPeriod = 1.0
## startTime = 1463673602.48
## numMotes = 5
## otfHousekeepingPeriod = 5.0
## slotframeLength = 101
## squareSide = 2.0
## cpuID = None
## sixtopPdrThreshold = 1.5
## slotDuration = 0.01
## sixtopNoHousekeeping = 0
## pkPeriodVar = 0.05
## numCyclesPerRun = 100
## numRuns = 2
## otfThreshold = 4
## sixtopNoRemoveWorstCell = 0
## burstTimestamp = 20
## simDataDir = simData
## numChans = 16
## minRssi = -97
## noInterference = 0
## numPacketsBurst = 5
## gui = False
## pkPeriod = None
## combinationKeys = ['numMotes', 'otfThreshold']
## sixtopHousekeepingPeriod = 1.0


# appGenerated appReachesDagroot appRelayed aveHops aveLatency aveQueueDelay chargeConsumed collidedTxs cycle droppedAppFailedEnqueue droppedMacRetries droppedNoRoute droppedNoTxCells droppedQueueFull effectiveCollidedTxs numRxCells numTx numTxCells otfAdd otfRemove probableCollisions rplChurnParentSet rplChurnPrefParent rplChurnRank rplRxDIO rplTxDIO runNum scheduleCollisions topRxRelocatedCells topTxRelocatedBundles topTxRelocatedCells txQueueFill
             0                 0          0       0          0             0              0           0     0                       0                 0              0                0                0                    0          0     0          0      0         0                  0                 0                  0            0        0        0      0                  0                   0                     0                   0           0
             0                 0          0       0          0             0              0           0     1                       0                 0              0                0                0                    0          0     0          0      0         0                  0                 8                  0            0       14        5      0                  0                   0                     0                   0           0
             0                 0          0       0          0             0              0           0     2                       0                 0              0                0                0                    0          0     0          0      0         0                  0                 0                  0            0       14        5      0                  0                   0                     0                   0           0
             0                 0          0       0          0             0              0           0     3                       0                 0              0                0                0                    0          0     0          0      0         0                  0                 0                  0            0       14        5      0                  0                   0                     0                   0           0
             0                 0          0       0          0             0              0           0     4                       0                 0              0                0                0                    0          1     0          1      1         0                  0                 0                  0            0       14        5      0                  0                   0                     0                   0           0
             0                 0          0       0          0             0        147.600           0     5                       0                 0              0                0                0                    0          8     0          8      7         0                  0                 0                  0            0       14        5      0                  0                   0                     0                   0           0
             0                 0          0       0          0             0        344.400           0     6                       0                 0              0                0                0                    0          8     0          8      0         0                  0                 0                  0            0       14        5      0                  0                   0                     0                   0           0
             0                 0          0       0          0             0        541.200           0     7                       0                 0              0                0                0                    0          8     0          8      0         0                  0                 0                  0            0       14        5      0                  0                   0                     0                   0           0
             0                 0          0       0          0             0        738.000           0     8                       0                 0              0                0                0                    0          8     0          8      0         0                  0                 0                  0            0       14        5      0                  0                   0                     0                   0           0
             0                 0          0       0          0             0        934.800           0     9                       0                 0              0                0                0                    0          8     0          8      0         0                  0                 0                  0            0       14        5      0                  0                   0                     0                   0           0
             0                 0          0       0          0             0       1131.600           0    10                       0                 0              0                0                0                    0          8     0          8      0         0                  0                 0                  0            0       14        5      0                  0                   0                     0                   0           0
             0                 0          0       0          0             0       1328.400           0    11                       0                 0              0                0                0                    0          8     0          8      0         0                  0                 0                  0            0       14        5      0                  0                   0                     0                   0           0
             0                 0          0       0          0             0       1525.200           0    12                       0                 0              0                0                0                    0          8     0          8      0         0                  0                 0                  0            0       14        5      0                  0                   0                     0                   0           0
             0                 0          0       0          0             0       1722.000           0    13                       0                 0              0                0                0                    0          8     0          8      0         0                  0                 0                  0            0       14        5      0                  0                   0                     0                   0           0
             0                 0          0       0          0             0       1918.800           0    14                       0                 0              0                0                0                    0          8     0          8      0         0                  0                 0                  0            0       14        5      0                  0                   0                     0                   0           0
             0                 0          0       0          0             0       2115.600           0    15                       0                 0              0                0                0                    0          8     0          8      0         0                  0                 0                  0            0       14        5      0                  0                   0                     0                   0           0
             0                 0          0       0          0             0       2312.400           0    16                       0                 0              0                0                0                    0          8     0          8      0         0                  0                 0                  0            0       14        5      0                  0                   0                     0                   0           0
             0                 0          0       0          0             0       2509.200           0    17                       0                 0              0                0                0                    0          8     0          8      0         0                  0                 0                  0            0       14        5      0                  0                   0                     0                   0           0
             0                 0          0       0          0             0       2706.000           0    18                       0                 0              0                0                0                    0          8     0          8      0         0                  0                 0                  0            0       14        5      0                  0                   0                     0                   0           0
             4                 0          1       0          0        10.000       3019.920           0    19                       0                 0              0                0                0                    0          8     1          8      0         0                  0                 0                  0            0       14        5      0                  0                   0                     0                   0           4
             0                 2          1   1.000     24.500       105.000       3568.080           0    20                       0                 0              0                0                0                    0          8     4          8      0         0                  0                 0                  0            0       14        5      0                  0                   0                     0                   0           2
             0                 2          0   2.000    125.500       185.000       3999.120           0    21                       0                 0              0                0                0                    0          8     6          8      0         0                  0                 0                  0            2       14        5      0                  0                   0                     0                   0           0
             0                 0          0       0          0             0       4195.920           0    22                       0                 0              0                0                0                    0          8     6          8      0         0                  0                 0                  0            2       14        5      0                  0                   0                     0                   0           0
             0                 0          0       0          0             0       4392.720           0    23                       0                 0              0                0                0                    0          8     6          8      0         0                  0                 0                  0            0       14        5      0                  0                   0                     0                   0           0
             0                 0          0       0          0             0       4589.520           0    24                       0                 0              0                0                0                    0          8     6          8      0         0                  0                 0                  0            0       14        5      0                  0                   0                     0                   0           0
             0                 0          0       0          0             0       4786.320           0    25                       0                 0              0                0                0                    0          8     6          8      0         0                  0                 0                  0            0       14        5      0                  0                   0                     0                   0           0
             0                 0          0       0          0             0       4983.120           0    26                       0                 0              0                0                0                    0          8     6          8      0         0                  0                 0                  0            0       14        5      0                  0                   0                     0                   0           0
             0                 0          0       0          0             0       5179.920           0    27                       0                 0              0                0                0                    0          8     6          8      0         0                  0                 0                  0            0       14        5      0                  0                   0                     0                   0           0
             0                 0          0       0          0             0       5376.720           0    28                       0                 0              0                0                0                    0          8     6          8      0         0                  0                 0                  0            0       14        5      0                  0                   0                     0                   0           0
             0                 0          0       0          0             0       5573.520           0    29                       0                 0              0                0                0                    0          8     6          8      0         0                  0                 0                  0            0       14        5      0                  0                   0                     0                   0           0
             0                 0          0       0          0             0       5770.320           0    30                       0                 0              0                0                0                    0          8     6          8      0         0                  0                 0                  0            0       14        5      0                  0                   0                     0                   0           0
             0                 0          0       0          0             0       5967.120           0    31                       0                 0              0                0                0                    0          8     6          8      0         0                  0                 0                  0            0       14        5      0                  0                   0                     0                   0           0
             0                 0          0       0          0             0       6163.920           0    32                       0                 0              0                0                0                    0          8     6          8      0         0                  0                 0                  0            0       14        5      0                  0                   0                     0                   0           0
             0                 0          0       0          0             0       6360.720           0    33                       0                 0              0                0                0                    0          8     6          8      0         0                  0                 0                  0            0       14        5      0                  0                   0                     0                   0           0
             0                 0          0       0          0             0       6557.520           0    34                       0                 0              0                0                0                    0          8     6          8      0         0                  0                 0                  0            0       14        5      0                  0                   0                     0                   0           0
             0                 0          0       0          0             0       6754.320           0    35                       0                 0              0                0                0                    0          8     6          8      0         0                  0                 0                  0            0       14        5      0                  0                   0                     0                   0           0
             0                 0          0       0          0             0       6951.120           0    36                       0                 0              0                0                0                    0          8     6          8      0         0                  0                 0                  0            0       14        5      0                  0                   0                     0                   0           0
             0                 0          0       0          0             0       7147.920           0    37                       0                 0              0                0                0                    0          8     6          8      0         0                  0                 0                  0            0       14        5      0                  0                   0                     0                   0           0
             0                 0          0       0          0             0       7344.720           0    38                       0                 0              0                0                0                    0          8     6          8      0         0                  0                 0                  0            0       14        5      0                  0                   0                     0                   0           0
             0                 0          0       0          0             0       7541.520           0    39                       0                 0              0                0                0                    0          8     6          8      0         0                  0                 0                  0            0       14        5      0                  0                   0                     0                   0           0
             0                 0          0       0          0             0       7738.320           0    40                       0                 0              0                0                0                    0          8     6          8      0         0                  0                 0                  0            0       14        5      0                  0                   0                     0                   0           0
             0                 0          0       0          0             0       7935.120           0    41                       0                 0              0                0                0                    0          8     6          8      0         0                  0                 0                  0            0       14        5      0                  0                   0                     0                   0           0
             0                 0          0       0          0             0       8131.920           0    42                       0                 0              0                0                0                    0          8     6          8      0         0                  0                 0                  0            0       14        5      0                  0                   0                     0                   0           0
             0                 0          0       0          0             0       8328.720           0    43                       0                 0              0                0                0                    0          8     6          8      0         0                  0                 0                  0            0       14        5      0                  0                   0                     0                   0           0
             0                 0          0       0          0             0       8525.520           0    44                       0                 0              0                0                0                    0          8     6          8      0         0                  0                 0                  0            0       14        5      0                  0                   0                     0                   0           0
             0                 0          0       0          0             0       8722.320           0    45                       0                 0              0                0                0                    0          8     6          8      0         0                  0                 0                  0            0       14        5      0                  0                   0                     0                   0           0
             0                 0          0       0          0             0       8919.120           0    46                       0                 0              0                0                0                    0          8     6          8      0         0                  0                 0                  0            0       14        5      0                  0                   0                     0                   0           0
             0                 0          0       0          0             0       9115.920           0    47                       0                 0              0                0                0                    0          8     6          8      0         0                  0                 0                  0            0       14        5      0                  0                   0                     0                   0           0
             0                 0          0       0          0             0       9312.720           0    48                       0                 0              0                0                0                    0          8     6          8      0         0                  0                 0                  0            0       14        5      0                  0                   0                     0                   0           0
             0                 0          0       0          0             0       9509.520           0    49                       0                 0              0                0                0                    0          8     6          8      0         0                  0                 0                  0            0       14        5      0                  0                   0                     0                   0           0
             0                 0          0       0          0             0       9706.320           0    50                       0                 0              0                0                0                    0          8     6          8      0         0                  0                 0                  0            0       14        5      0                  0                   0                     0                   0           0
             0                 0          0       0          0             0       9903.120           0    51                       0                 0              0                0                0                    0          8     6          8      0         0                  0                 0                  0            0       14        5      0                  0                   0                     0                   0           0
             0                 0          0       0          0             0      10099.920           0    52                       0                 0              0                0                0                    0          8     6          8      0         0                  0                 0                  0            0       14        5      0                  0                   0                     0                   0           0
             0                 0          0       0          0             0      10296.720           0    53                       0                 0              0                0                0                    0          8     6          8      0         0                  0                 0                  0            0       14        5      0                  0                   0                     0                   0           0
             0                 0          0       0          0             0      10493.520           0    54                       0                 0              0                0                0                    0          8     6          8      0         0                  0                 0                  0            0       14        5      0                  0                   0                     0                   0           0
             0                 0          0       0          0             0      10690.320           0    55                       0                 0              0                0                0                    0          8     6          8      0         0                  0                 0                  0            0       14        5      0                  0                   0                     0                   0           0
             0                 0          0       0          0             0      10887.120           0    56                       0                 0              0                0                0                    0          8     6          8      0         0                  0                 0                  0            0       14        5      0                  0                   0                     0                   0           0
             0                 0          0       0          0             0      11083.920           0    57                       0                 0              0                0                0                    0          8     6          8      0         0                  0                 0                  0            0       14        5      0                  0                   0                     0                   0           0
             0                 0          0       0          0             0      11280.720           0    58                       0                 0              0                0                0                    0          8     6          8      0         0                  0                 0                  0            0       14        5      0                  0                   0                     0                   0           0
             4                 0          2       0          0        72.000      11776.580           0    59                       0                 0              0                0                0                    0          8     9          8      0         0                  0                 0                  0            0       14        5      0                  0                   0                     0                   0           4
             0                 2          0   1.000     64.500       129.000      12207.620           0    60                       0                 0              0                0                0                    0          8    11          8      0         0                  0                 0                  0            1       14        5      0                  0                   0                     0                   0           2
             0                 1          0   2.000    167.000       145.000      12521.540           0    61                       0                 0              0                0                0                    0          8    12          8      0         0                  0                 0                  0            2       14        5      0                  0                   0                     0                   0           1
             0                 1          0   2.000    268.000       218.000      12835.460           0    62                       0                 0              0                0                0                    0          8    13          8      0         0                  0                 0                  0            1       14        5      0                  0                   0                     0                   0           0
             0                 0          0       0          0             0      13032.260           0    63                       0                 0              0                0                0                    0          8    13          8      0         0                  0                 0                  0            1       14        5      0                  0                   0                     0                   0           0
             0                 0          0       0          0             0      13229.060           0    64                       0                 0              0                0                0                    0          8    13          8      0         0                  0                 0                  0            0       14        5      0                  0                   0                     0                   0           0
             0                 0          0       0          0             0      13425.860           0    65                       0                 0              0                0                0                    0          8    13          8      0         0                  0                 0                  0            0       14        5      0                  0                   0                     0                   0           0
             0                 0          0       0          0             0      13622.660           0    66                       0                 0              0                0                0                    0          8    13          8      0         0                  0                 0                  0            0       14        5      0                  0                   0                     0                   0           0
             0                 0          0       0          0             0      13819.460           0    67                       0                 0              0                0                0                    0          8    13          8      0         0                  0                 0                  0            0       14        5      0                  0                   0                     0                   0           0
             0                 0          0       0          0             0      14016.260           0    68                       0                 0              0                0                0                    0          8    13          8      0         0                  0                 0                  0            0       14        5      0                  0                   0                     0                   0           0
             0                 0          0       0          0             0      14213.060           0    69                       0                 0              0                0                0                    0          8    13          8      0         0                  0                 0                  0            0       14        5      0                  0                   0                     0                   0           0
             0                 0          0       0          0             0      14409.860           0    70                       0                 0              0                0                0                    0          8    13          8      0         0                  0                 0                  0            0       14        5      0                  0                   0                     0                   0           0
             0                 0          0       0          0             0      14606.660           0    71                       0                 0              0                0                0                    0          8    13          8      0         0                  0                 0                  0            0       14        5      0                  0                   0                     0                   0           0
             0                 0          0       0          0             0      14803.460           0    72                       0                 0              0                0                0                    0          8    13          8      0         0                  0                 0                  0            0       14        5      0                  0                   0                     0                   0           0
             0                 0          0       0          0             0      15000.260           0    73                       0                 0              0                0                0                    0          8    13          8      0         0                  0                 0                  0            0       14        5      0                  0                   0                     0                   0           0
             0                 0          0       0          0             0      15197.060           0    74                       0                 0              0                0                0                    0          8    13          8      0         0                  0                 0                  0            0       14        5      0                  0                   0                     0                   0           0
             0                 0          0       0          0             0      15393.860           0    75                       0                 0              0                0                0                    0          8    13          8      0         0                  0                 0                  0            0       14        5      0                  0                   0                     0                   0           0
             0                 0          0       0          0             0      15590.660           0    76                       0                 0              0                0                0                    0          8    13          8      0         0                  0                 0                  0            0       14        5      0                  0                   0                     0                   0           0
             0                 0          0       0          0             0      15787.460           0    77                       0                 0              0                0                0                    0          8    13          8      0         0                  0                 0                  0            0       14        5      0                  0                   0                     0                   0           0
             0                 0          0       0          0             0      15984.260           0    78                       0                 0              0                0                0                    0          8    13          8      0         0                  0                 0                  0            0       14        5      0                  0                   0                     0                   0           0
             0                 0          0       0          0             0      16181.060           0    79                       0                 0              0                0                0                    0          8    13          8      0         0                  0                 0                  0            0       14        5      0                  0                   0                     0                   0           0
             0                 0          0       0          0             0      16377.860           0    80                       0                 0              0                0                0                    0          8    13          8      0         0                  0                 0                  0            0       14        5      0                  0                   0                     0                   0           0
             0                 0          0       0          0             0      16574.660           0    81                       0                 0              0                0                0                    0          8    13          8      0         0                  0                 0                  0            0       14        5      0                  0                   0                     0                   0           0
             0                 0          0       0          0             0      16771.460           0    82                       0                 0              0                0                0                    0          8    13          8      0         0                  0                 0                  0            0       14        5      0                  0                   0                     0                   0           0
             0                 0          0       0          0             0      16968.260           0    83                       0                 0              0                0                0                    0          8    13          8      0         0                  0                 0                  0            0       14        5      0                  0                   0                     0                   0           0
             0                 0          0       0          0             0      17165.060           0    84                       0                 0              0                0                0                    0          8    13          8      0         0                  0                 0                  0            0       14        5      0                  0                   0                     0                   0           0
             0                 0          0       0          0             0      17361.860           0    85                       0                 0              0                0                0                    0          8    13          8      0         0                  0                 0                  0            0       14        5      0                  0                   0                     0                   0           0
             0                 0          0       0          0             0      17558.660           0    86                       0                 0              0                0                0                    0          8    13          8      0         0                  0                 0                  0            0       14        5      0                  0                   0                     0                   0           0
             0                 0          0       0          0             0      17755.460           0    87                       0                 0              0                0                0                    0          8    13          8      0         0                  0                 0                  0            0       14        5      0                  0                   0                     0                   0           0
             0                 0          0       0          0             0      17952.260           0    88                       0                 0              0                0                0                    0          8    13          8      0         0                  0                 0                  0            0       14        5      0                  0                   0                     0                   0           0
             0                 0          0       0          0             0      18149.060           0    89                       0                 0              0                0                0                    0          8    13          8      0         0                  0                 0                  0            0       14        5      0                  0                   0                     0                   0           0
             0                 0          0       0          0             0      18345.860           0    90                       0                 0              0                0                0                    0          8    13          8      0         0                  0                 0                  0            0       14        5      0                  0                   0                     0                   0           0
             0                 0          0       0          0             0      18542.660           0    91                       0                 0              0                0                0                    0          8    13          8      0         0                  0                 0                  0            0       14        5      0                  0                   0                     0                   0           0
             0                 0          0       0          0             0      18739.460           0    92                       0                 0              0                0                0                    0          8    13          8      0         0                  0                 0                  0            0       14        5      0                  0                   0                     0                   0           0
             0                 0          0       0          0             0      18936.260           0    93                       0                 0              0                0                0                    0          8    13          8      0         0                  0                 0                  0            0       14        5      0                  0                   0                     0                   0           0
             0                 0          0       0          0             0      19133.060           0    94                       0                 0              0                0                0                    0          8    13          8      0         0                  0                 0                  0            0       14        5      0                  0                   0                     0                   0           0
             0                 0          0       0          0             0      19329.860           0    95                       0                 0              0                0                0                    0          8    13          8      0         0                  0                 0                  0            0       14        5      0                  0                   0                     0                   0           0
             0                 0          0       0          0             0      19526.660           0    96                       0                 0              0                0                0                    0          8    13          8      0         0                  0                 0                  0            0       14        5      0                  0                   0                     0                   0           0
             0                 0          0       0          0             0      19723.460           0    97                       0                 0              0                0                0                    0          8    13          8      0         0                  0                 0                  0            0       14        5      0                  0                   0                     0                   0           0
             0                 0          0       0          0             0      19920.260           0    98                       0                 0              0                0                0                    0          8    13          8      0         0                  0                 0                  0            0       14        5      0                  0                   0                     0                   0           0
             0                 0          0       0          0             0      20117.060           0    99                       0                 0              0                0                0                    0          8    13          8      0         0                  0                 0                  0            0       14        5      0                  0                   0                     0                   0           0
#pos runNum=0 0@(1.00000,1.00000)@0 1@(1.06544,1.11270)@548 2@(1.19368,0.94060)@640 3@(1.13557,1.17708)@804 4@(0.92263,1.04140)@554
#links runNum=0 0-3@-92dBm@0.711 1-3@-82dBm@0.985 0-4@-83dBm@0.975 2-4@-91dBm@0.731 2-3@-88dBm@0.933 0-2@-89dBm@0.868 0-1@-83dBm@0.975 1-2@-90dBm@0.823 3-4@-90dBm@0.861
#aveChargePerCycle runNum=0 0@97.42 1@51.55 2@24.42 3@1.94 4@25.84
# appGenerated appReachesDagroot appRelayed aveHops aveLatency aveQueueDelay chargeConsumed collidedTxs cycle droppedAppFailedEnqueue droppedMacRetries droppedNoRoute droppedNoTxCells droppedQueueFull effectiveCollidedTxs numRxCells numTx numTxCells otfAdd otfRemove probableCollisions rplChurnParentSet rplChurnPrefParent rplChurnRank rplRxDIO rplTxDIO runNum scheduleCollisions topRxRelocatedCells topTxRelocatedBundles topTxRelocatedCells txQueueFill
             0                 0          0       0          0             0              0           0     0                       0                 0              0                0                0                    0          0     0          0      0         0                  0                 0                  0            0        0        0      1                  0                   0                     0                   0           0
             0                 0          0       0          0             0              0           0     1                       0                 0              0                0                0                    0          0     0          0      0         0                  0                 8                  0            0       15        5      1                  0                   0                     0                   0           0
             0                 0          0       0          0             0              0           0     2                       0                 0              0                0                0                    0          0     0          0      0         0                  0                 0                  0            0       15        5      1                  0                   0                     0                   0           0
             0                 0          0       0          0             0              0           0     3                       0                 0              0                0                0                    0          0     0          0      0         0                  0                 0                  0            0       15        5      1                  0                   0                     0                   0           0
             0                 0          0       0          0             0         73.800           0     4                       0                 0              0                0                0                    0          8     0          8      8         0                  0                 0                  0            0       15        5      1                  0                   0                     0                   0           0
             0                 0          0       0          0             0        270.600           0     5                       0                 0              0                0                0                    0          8     0          8      0         0                  0                 0                  0            0       15        5      1                  0                   0                     0                   0           0
             0                 0          0       0          0             0        467.400           0     6                       0                 0              0                0                0                    0          8     0          8      0         0                  0                 0                  0            0       15        5      1                  0                   0                     0                   0           0
             0                 0          0       0          0             0        664.200           0     7                       0                 0              0                0                0                    0          8     0          8      0         0                  0                 0                  0            0       15        5      1                  0                   0                     0                   0           0
             0                 0          0       0          0             0        861.000           0     8                       0                 0              0                0                0                    0          8     0          8      0         0                  0                 0                  0            0       15        5      1                  0                   0                     0                   0           0
             0                 0          0       0          0             0       1057.800           0     9                       0                 0              0                0                0                    0          8     0          8      0         0                  0                 0                  0            0       15        5      1                  0                   0                     0                   0           0
             0                 0          0       0          0             0       1254.600           0    10                       0                 0              0                0                0                    0          8     0          8      0         0                  0                 0                  0            0       15        5      1                  0                   0                     0                   0           0
             0                 0          0       0          0             0       1451.400           0    11                       0                 0              0                0                0                    0          8     0          8      0         0                  0                 0                  0            0       15        5      1                  0                   0                     0                   0           0
             0                 0          0       0          0             0       1648.200           0    12                       0                 0              0                0                0                    0          8     0          8      0         0                  0                 0                  0            0       15        5      1                  0                   0                     0                   0           0
             0                 0          0       0          0             0       1845.000           0    13                       0                 0              0                0                0                    0          8     0          8      0         0                  0                 0                  0            0       15        5      1                  0                   0                     0                   0           0
             0                 0          0       0          0             0       2041.800           0    14                       0                 0              0                0                0                    0          8     0          8      0         0                  0                 0                  0            0       15        5      1                  0                   0                     0                   0           0
             0                 0          0       0          0             0       2238.600           0    15                       0                 0              0                0                0                    0          8     0          8      0         0                  0                 0                  0            0       15        5      1                  0                   0                     0                   0           0
             0                 0          0       0          0             0       2435.400           0    16                       0                 0              0                0                0                    0          8     0          8      0         0                  0                 0                  0            0       15        5      1                  0                   0                     0                   0           0
             0                 0          0       0          0             0       2632.200           0    17                       0                 0              0                0                0                    0          8     0          8      0         0                  0                 0                  0            0       15        5      1                  0                   0                     0                   0           0
             0                 0          0       0          0             0       2829.000           0    18                       0                 0              0                0                0                    0          8     0          8      0         0                  0                 0                  0            0       15        5      1                  0                   0                     0                   0           0
             4                 1          0   1.000     10.000        10.000       3142.920           0    19                       0                 0              0                0                0                    0          8     1          8      0         0                  0                 0                  0            0       15        5      1                  0                   0                     0                   0           3
             0                 2          1   1.000     48.000       192.000       3950.360           0    20                       0                 0              0                0                0                    0          8     8          8      0         0                  0                 1                  1            1       15        5      1                  0                   0                     0                   0           1
             0                 1          0   2.000    136.000        40.000       4393.920           0    21                       0                 0              0                0                0                    0          8    11          8      0         0                  0                 1                  3            3       15        5      1                  0                   0                     0                   0           0
             0                 0          0       0          0             0       4590.720           0    22                       0                 0              0                0                0                    0          8    11          8      0         0                  0                 0                  3            1       15        5      1                  0                   0                     0                   0           0
             0                 0          0       0          0             0       4787.520           0    23                       0                 0              0                0                0                    0          8    11          8      0         0                  0                 0                  3            0       15        5      1                  0                   0                     0                   0           0
             0                 0          0       0          0             0       4984.320           0    24                       0                 0              0                0                0                    0          8    11          8      0         0                  0                 0                  3            0       15        5      1                  0                   0                     0                   0           0
             0                 0          0       0          0             0       5181.120           0    25                       0                 0              0                0                0                    0          8    11          8      0         0                  0                 0                  3            0       15        5      1                  0                   0                     0                   0           0
             0                 0          0       0          0             0       5377.920           0    26                       0                 0              0                0                0                    0          8    11          8      0         0                  0                 0                  3            0       15        5      1                  0                   0                     0                   0           0
             0                 0          0       0          0             0       5574.720           0    27                       0                 0              0                0                0                    0          8    11          8      0         0                  0                 0                  3            0       15        5      1                  0                   0                     0                   0           0
             0                 0          0       0          0             0       5771.520           0    28                       0                 0              0                0                0                    0          8    11          8      0         0                  0                 0                  3            0       15        5      1                  0                   0                     0                   0           0
             0                 0          0       0          0             0       5968.320           0    29                       0                 0              0                0                0                    0          8    11          8      0         0                  0                 0                  3            0       15        5      1                  0                   0                     0                   0           0
             0                 0          0       0          0             0       6165.120           0    30                       0                 0              0                0                0                    0          8    11          8      0         0                  0                 0                  3            0       15        5      1                  0                   0                     0                   0           0
             0                 0          0       0          0             0       6361.920           0    31                       0                 0              0                0                0                    0          8    11          8      0         0                  0                 0                  3            0       15        5      1                  0                   0                     0                   0           0
             0                 0          0       0          0             0       6558.720           0    32                       0                 0              0                0                0                    0          8    11          8      0         0                  0                 0                  3            0       15        5      1                  0                   0                     0                   0           0
             0                 0          0       0          0             0       6755.520           0    33                       0                 0              0                0                0                    0          8    11          8      0         0                  0                 0                  3            0       15        5      1                  0                   0                     0                   0           0
             0                 0          0       0          0             0       6952.320           0    34                       0                 0              0                0                0                    0          8    11          8      0         0                  0                 0                  3            0       15        5      1                  0                   0                     0                   0           0
             0                 0          0       0          0             0       7149.120           0    35                       0                 0              0                0                0                    0          8    11          8      0         0                  0                 0                  3            0       15        5      1                  0                   0                     0                   0           0
             0                 0          0       0          0             0       7345.920           0    36                       0                 0              0                0                0                    0          8    11          8      0         0                  0                 0                  3            0       15        5      1                  0                   0                     0                   0           0
             0                 0          0       0          0             0       7542.720           0    37                       0                 0              0                0                0                    0          8    11          8      0         0                  0                 0                  3            0       15        5      1                  0                   0                     0                   0           0
             0                 0          0       0          0             0       7739.520           0    38                       0                 0              0                0                0                    0          8    11          8      0         0                  0                 0                  3            0       15        5      1                  0                   0                     0                   0           0
             0                 0          0       0          0             0       7936.320           0    39                       0                 0              0                0                0                    0          8    11          8      0         0                  0                 0                  3            0       15        5      1                  0                   0                     0                   0           0
             0                 0          0       0          0             0       8133.120           0    40                       0                 0              0                0                0                    0          8    11          8      0         0                  0                 0                  3            0       15        5      1                  0                   0                     0                   0           0
             0                 0          0       0          0             0       8329.920           0    41                       0                 0              0                0                0                    0          8    11          8      0         0                  0                 0                  3            0       15        5      1                  0                   0                     0                   0           0
             0                 0          0       0          0             0       8526.720           0    42                       0                 0              0                0                0                    0          8    11          8      0         0                  0                 0                  3            0       15        5      1                  0                   0                     0                   0           0
             0                 0          0       0          0             0       8723.520           0    43                       0                 0              0                0                0                    0          8    11          8      0         0                  0                 0                  3            0       15        5      1                  0                   0                     0                   0           0
             0                 0          0       0          0             0       8920.320           0    44                       0                 0              0                0                0                    0          8    11          8      0         0                  0                 0                  3            0       15        5      1                  0                   0                     0                   0           0
             0                 0          0       0          0             0       9117.120           0    45                       0                 0              0                0                0                    0          8    11          8      0         0                  0                 0                  3            0       15        5      1                  0                   0                     0                   0           0
             0                 0          0       0          0             0       9313.920           0    46                       0                 0              0                0                0                    0          8    11          8      0         0                  0                 0                  3            0       15        5      1                  0                   0                     0                   0           0
             0                 0          0       0          0             0       9510.720           0    47                       0                 0              0                0                0                    0          8    11          8      0         0                  0                 0                  3            0       15        5      1                  0                   0                     0                   0           0
             0                 0          0       0          0             0       9707.520           0    48                       0                 0              0                0                0                    0          8    11          8      0         0                  0                 0                  3            0       15        5      1                  0                   0                     0                   0           0
             0                 0          0       0          0             0       9904.320           0    49                       0                 0              0                0                0                    0          8    11          8      0         0                  0                 0                  3            0       15        5      1                  0                   0                     0                   0           0
             0                 0          0       0          0             0      10101.120           0    50                       0                 0              0                0                0                    0          8    11          8      0         0                  0                 0                  3            0       15        5      1                  0                   0                     0                   0           0
             0                 0          0       0          0             0      10297.920           0    51                       0                 0              0                0                0                    0          8    11          8      0         0                  0                 0                  3            0       15        5      1                  0                   0                     0                   0           0
             0                 0          0       0          0             0      10494.720           0    52                       0                 0              0                0                0                    0          8    11          8      0         0                  0                 0                  3            0       15        5      1                  0                   0                     0                   0           0
             0                 0          0       0          0             0      10691.520           0    53                       0                 0              0                0                0                    0          8    11          8      0         0                  0                 0                  3            0       15        5      1                  0                   0                     0                   0           0
             0                 0          0       0          0             0      10888.320           0    54                       0                 0              0                0                0                    0          8    11          8      0         0                  0                 0                  3            0       15        5      1                  0                   0                     0                   0           0
             0                 0          0       0          0             0      11085.120           0    55                       0                 0              0                0                0                    0          8    11          8      0         0                  0                 0                  3            0       15        5      1                  0                   0                     0                   0           0
             0                 0          0       0          0             0      11281.920           0    56                       0                 0              0                0                0                    0          8    11          8      0         0                  0                 0                  3            0       15        5      1                  0                   0                     0                   0           0
             0                 0          0       0          0             0      11478.720           0    57                       0                 0              0                0                0                    0          8    11          8      0         0                  0                 0                  3            0       15        5      1                  0                   0                     0                   0           0
             0                 0          0       0          0             0      11675.520           0    58                       0                 0              0                0                0                    0          8    11          8      0         0                  0                 0                  3            0       15        5      1                  0                   0                     0                   0           0
             4                 1          1   1.000     50.000        74.000      12106.560           0    59                       0                 0              0                0                0                    0          8    13          8      0         0                  0                 0                  3            0       15        5      1                  0                   0                     0                   0           3
             0                 1          1   1.000    101.000       167.000      12537.600           0    60                       0                 0              0                0                0                    0         10    15         10      1         0                  0                 1                  3            2       15        5      1                  0                   0                     0                   0           2
             0                 1          0   2.000    202.000       178.000      12851.520           0    61                       0                 0              0                0                0                    0          8    16          8      0         0                  0                 1                  3            2       15        5      1                  0                   0                     0                   0           1
             0                 1          0   2.000    303.000       237.000      13165.440           0    62                       0                 0              0                0                0                    0          8    17          8      0         0                  0                 1                  0            2       15        5      1                  0                   0                     0                   0           0
             0                 0          0       0          0             0      13386.840           0    63                       0                 0              0                0                0                    0         10    17         10      1         0                  0                 0                  0            2       15        5      1                  0                   0                     0                   0           0
             0                 0          0       0          0             0      13632.840           0    64                       0                 0              0                0                0                    0         10    17         10      0         0                  0                 0                  0            0       15        5      1                  0                   0                     0                   0           0
             0                 0          0       0          0             0      13878.840           0    65                       0                 0              0                0                0                    0         10    17         10      0         0                  0                 0                  0            0       15        5      1                  0                   0                     0                   0           0
             0                 0          0       0          0             0      14124.840           0    66                       0                 0              0                0                0                    0         10    17         10      0         0                  0                 0                  0            0       15        5      1                  0                   0                     0                   0           0
             0                 0          0       0          0             0      14370.840           0    67                       0                 0              0                0                0                    0         10    17         10      0         0                  0                 0                  0            0       15        5      1                  0                   0                     0                   0           0
             0                 0          0       0          0             0      14616.840           0    68                       0                 0              0                0                0                    0         10    17         10      0         0                  0                 0                  0            0       15        5      1                  0                   0                     0                   0           0
             0                 0          0       0          0             0      14862.840           0    69                       0                 0              0                0                0                    0         10    17         10      0         0                  0                 0                  0            0       15        5      1                  0                   0                     0                   0           0
             0                 0          0       0          0             0      15108.840           0    70                       0                 0              0                0                0                    0         10    17         10      0         0                  0                 0                  0            0       15        5      1                  0                   0                     0                   0           0
             0                 0          0       0          0             0      15354.840           0    71                       0                 0              0                0                0                    0         10    17         10      0         0                  0                 0                  0            0       15        5      1                  0                   0                     0                   0           0
             0                 0          0       0          0             0      15600.840           0    72                       0                 0              0                0                0                    0         10    17         10      0         0                  0                 0                  0            0       15        5      1                  0                   0                     0                   0           0
             0                 0          0       0          0             0      15846.840           0    73                       0                 0              0                0                0                    0         10    17         10      0         0                  0                 0                  0            0       15        5      1                  0                   0                     0                   0           0
             0                 0          0       0          0             0      16092.840           0    74                       0                 0              0                0                0                    0         10    17         10      0         0                  0                 0                  0            0       15        5      1                  0                   0                     0                   0           0
             0                 0          0       0          0             0      16338.840           0    75                       0                 0              0                0                0                    0         10    17         10      0         0                  0                 0                  0            0       15        5      1                  0                   0                     0                   0           0
             0                 0          0       0          0             0      16584.840           0    76                       0                 0              0                0                0                    0         10    17         10      0         0                  0                 0                  0            0       15        5      1                  0                   0                     0                   0           0
             0                 0          0       0          0             0      16830.840           0    77                       0                 0              0                0                0                    0         10    17         10      0         0                  0                 0                  0            0       15        5      1                  0                   0                     0                   0           0
             0                 0          0       0          0             0      17076.840           0    78                       0                 0              0                0                0                    0         10    17         10      0         0                  0                 0                  0            0       15        5      1                  0                   0                     0                   0           0
             0                 0          0       0          0             0      17322.840           0    79                       0                 0              0                0                0                    0         10    17         10      0         0                  0                 0                  0            0       15        5      1                  0                   0                     0                   0           0
             0                 0          0       0          0             0      17568.840           0    80                       0                 0              0                0                0                    0         10    17         10      0         0                  0                 0                  0            0       15        5      1                  0                   0                     0                   0           0
             0                 0          0       0          0             0      17814.840           0    81                       0                 0              0                0                0                    0         10    17         10      0         0                  0                 0                  0            0       15        5      1                  0                   0                     0                   0           0
             0                 0          0       0          0             0      18060.840           0    82                       0                 0              0                0                0                    0         10    17         10      0         0                  0                 0                  0            0       15        5      1                  0                   0                     0                   0           0
             0                 0          0       0          0             0      18306.840           0    83                       0                 0              0                0                0                    0         10    17         10      0         0                  0                 0                  0            0       15        5      1                  0                   0                     0                   0           0
             0                 0          0       0          0             0      18552.840           0    84                       0                 0              0                0                0                    0         10    17         10      0         0                  0                 0                  0            0       15        5      1                  0                   0                     0                   0           0
             0                 0          0       0          0             0      18798.840           0    85                       0                 0              0                0                0                    0         10    17         10      0         0                  0                 0                  0            0       15        5      1                  0                   0                     0                   0           0
             0                 0          0       0          0             0      19044.840           0    86                       0                 0              0                0                0                    0         10    17         10      0         0                  0                 0                  0            0       15        5      1                  0                   0                     0                   0           0
             0                 0          0       0          0             0      19290.840           0    87                       0                 0              0                0                0                    0         10    17         10      0         0                  0                 0                  0            0       15        5      1                  0                   0                     0                   0           0
             0                 0          0       0          0             0      19536.840           0    88                       0                 0              0                0                0                    0         10    17         10      0         0                  0                 0                  0            0       15        5      1                  0                   0                     0                   0           0
             0                 0          0       0          0             0      19782.840           0    89                       0                 0              0                0                0                    0         10    17         10      0         0                  0                 0                  0            0       15        5      1                  0                   0                     0                   0           0
             0                 0          0       0          0             0      20028.840           0    90                       0                 0              0                0                0                    0         10    17         10      0         0                  0                 0                  0            0       15        5      1                  0                   0                     0                   0           0
             0                 0          0       0          0             0      20274.840           0    91                       0                 0              0                0                0                    0         10    17         10      0         0                  0                 0                  0            0       15        5      1                  0                   0                     0                   0           0
             0                 0          0       0          0             0      20520.840           0    92                       0                 0              0                0                0                    0         10    17         10      0         0                  0                 0                  0            0       15        5      1                  0                   0                     0                   0           0
             0                 0          0       0          0             0      20766.840           0    93                       0                 0              0                0                0                    0         10    17         10      0         0                  0                 0                  0            0       15        5      1                  0                   0                     0                   0           0
             0                 0          0       0          0             0      21012.840           0    94                       0                 0              0                0                0                    0         10    17         10      0         0                  0                 0                  0            0       15        5      1                  0                   0                     0                   0           0
             0                 0          0       0          0             0      21258.840           0    95                       0                 0              0                0                0                    0         10    17         10      0         0                  0                 0                  0            0       15        5      1                  0                   0                     0                   0           0
             0                 0          0       0          0             0      21504.840           0    96                       0                 0              0                0                0                    0         10    17         10      0         0                  0                 0                  0            0       15        5      1                  0                   0                     0                   0           0
             0                 0          0       0          0             0      21750.840           0    97                       0                 0              0                0                0                    0         10    17         10      0         0                  0                 0                  0            0       15        5      1                  0                   0                     0                   0           0
             0                 0          0       0          0             0      21996.840           0    98                       0                 0              0                0                0                    0         10    17         10      0         0                  0                 0                  0            0       15        5      1                  0                   0                     0                   0           0
             0                 0          0       0          0             0      22242.840           0    99                       0                 0              0                0                0                    0         10    17         10      0         0                  0                 0                  0            0       15        5      1                  0                   0                     0                   0           0
#pos runNum=1 0@(1.00000,1.00000)@0 1@(0.95756,0.92701)@551 2@(1.13302,0.89044)@614 3@(1.13201,1.02766)@558 4@(1.21908,0.91481)@1233
#links runNum=1 1-3@-92dBm@0.683 1-4@-90dBm@0.809 3-4@-89dBm@0.893 2-4@-89dBm@0.867 2-3@-93dBm@0.602 0-2@-90dBm@0.865 0-3@-85dBm@0.961 1-2@-91dBm@0.764 0-1@-79dBm@0.996
#aveChargePerCycle runNum=1 0@74.29 1@68.58 2@28.68 3@48.28 4@2.59