## dioPeriod = 1.0
## startTime = 1463866509.08
## numMotes = 5
## otfHousekeepingPeriod = 5.0
## slotframeLength = 101
## squareSide = 2.0
## cpuID = None
## sixtopPdrThreshold = 1.5
## slotDuration = 0.01
## sixtopNoHousekeeping = 0
## pkPeriodVar = 0.05
## numCyclesPerRun = 100
## numRuns = 2
## otfThreshold = 8
## sixtopNoRemoveWorstCell = 0
## burstTimestamp = 20
## simDataDir = simData
## numChans = 16
## minRssi = -97
## noInterference = 0
## numPacketsBurst = 5
## gui = False
## pkPeriod = None
## combinationKeys = ['numMotes', 'otfThreshold']
## sixtopHousekeepingPeriod = 1.0


# appGenerated appReachesDagroot appRelayed aveHops aveLatency aveQueueDelay chargeConsumed collidedTxs cycle droppedAppFailedEnqueue droppedMacRetries droppedNoRoute droppedNoTxCells droppedQueueFull effectiveCollidedTxs numRxCells numTx numTxCells otfAdd otfRemove probableCollisions rplChurnParentSet rplChurnPrefParent rplChurnRank rplRxDIO rplTxDIO runNum scheduleCollisions topRxRelocatedCells topTxRelocatedBundles topTxRelocatedCells txQueueFill
             0                 0          0       0          0             0              0           0     0                       0                 0              0                0                0                    0          0     0          0      0         0                  0                 0                  0            0        0        0      0                  0                   0                     0                   0           0
             0                 0          0       0          0             0              0           0     1                       0                 0              0                0                0                    0          0     0          0      0         0                  0                 8                  0            0       14        5      0                  0                   0                     0                   0           0
             0                 0          0       0          0             0              0           0     2                       0                 0              0                0                0                    0          0     0          0      0         0                  0                 0                  0            0       14        5      0                  0                   0                     0                   0           0
             0                 0          0       0          0             0              0           0     3                       0                 0              0                0                0                    0          0     0          0      0         0                  0                 0                  0            0       14        5      0                  0                   0                     0                   0           0
             0                 0          0       0          0             0         24.600           0     4                       0                 0              0                0                0                    0          6     0          6      6         0                  0                 0                  0            0       14        5      0                  0                   0                     0                   0           0
             0                 0          0       0          0             0        221.400           0     5                       0                 0              0                0                0                    0          8     0          8      2         0                  0                 0                  0            0       14        5      0                  0                   0                     0                   0           0
             0                 0          0       0          0             0        418.200           0     6                       0                 0              0                0                0                    0          8     0          8      0         0                  0                 0                  0            0       14        5      0                  0                   0                     0                   0           0
             0                 0          0       0          0             0        615.000           0     7                       0                 0              0                0                0                    0          8     0          8      0         0                  0                 0                  0            0       14        5      0                  0                   0                     0                   0           0
             0                 0          0       0          0             0        811.800           0     8                       0                 0              0                0                0                    0          8     0          8      0         0                  0                 0                  0            0       14        5      0                  0                   0                     0                   0           0
             0                 0          0       0          0             0       1008.600           0     9                       0                 0              0                0                0                    0          8     0          8      0         0                  0                 0                  0            0       14        5      0                  0                   0                     0                   0           0
             0                 0          0       0          0             0       1205.400           0    10                       0                 0              0                0                0                    0          8     0          8      0         0                  0                 0                  0            0       14        5      0                  0                   0                     0                   0           0
             0                 0          0       0          0             0       1402.200           0    11                       0                 0              0                0                0                    0          8     0          8      0         0                  0                 0                  0            0       14        5      0                  0                   0                     0                   0           0
             0                 0          0       0          0             0       1599.000           0    12                       0                 0              0                0                0                    0          8     0          8      0         0                  0                 0                  0            0       14        5      0                  0                   0                     0                   0           0
             0                 0          0       0          0             0       1795.800           0    13                       0                 0              0                0                0                    0          8     0          8      0         0                  0                 0                  0            0       14        5      0                  0                   0                     0                   0           0
             0                 0          0       0          0             0       1992.600           0    14                       0                 0              0                0                0                    0          8     0          8      0         0                  0                 0                  0            0       14        5      0                  0                   0                     0                   0           0
             0                 0          0       0          0             0       2189.400           0    15                       0                 0              0                0                0                    0          8     0          8      0         0                  0                 0                  0            0       14        5      0                  0                   0                     0                   0           0
             0                 0          0       0          0             0       2386.200           0    16                       0                 0              0                0                0                    0          8     0          8      0         0                  0                 0                  0            0       14        5      0                  0                   0                     0                   0           0
             0                 0          0       0          0             0       2583.000           0    17                       0                 0              0                0                0                    0          8     0          8      0         0                  0                 0                  0            0       14        5      0                  0                   0                     0                   0           0
             0                 0          0       0          0             0       2779.800           0    18                       0                 0              0                0                0                    0          8     0          8      0         0                  0                 0                  0            0       14        5      0                  0                   0                     0                   0           0
             4                 0          0       0          0             0       2976.600           0    19                       0                 0              0                0                0                    0          8     0          8      0         0                  0                 0                  0            0       14        5      0                  0                   0                     0                   0           4
             0                 4          0   1.000     54.000       216.000       3641.880           0    20                       0                 0              0                0                0                    0          8     4          8      0         0                  0                 0                  0            0       14        5      0                  0                   0                     0                   0           0
             0                 0          0       0          0             0       3838.680           0    21                       0                 0              0                0                0                    0          8     4          8      0         0                  0                 0                  0            4       14        5      0                  0                   0                     0                   0           0
             0                 0          0       0          0             0       4035.480           0    22                       0                 0              0                0                0                    0          8     4          8      0         0                  0                 0                  0            0       14        5      0                  0                   0                     0                   0           0
             0                 0          0       0          0             0       4232.280           0    23                       0                 0              0                0                0                    0          8     4          8      0         0                  0                 0                  0            0       14        5      0                  0                   0                     0                   0           0
             0                 0          0       0          0             0       4429.080           0    24                       0                 0              0                0                0                    0          8     4          8      0         0                  0                 0                  0            0       14        5      0                  0                   0                     0                   0           0
             0                 0          0       0          0             0       4625.880           0    25                       0                 0              0                0                0                    0          8     4          8      0         0                  0                 0                  0            0       14        5      0                  0                   0                     0                   0           0
             0                 0          0       0          0             0       4822.680           0    26                       0                 0              0                0                0                    0          8     4          8      0         0                  0                 0                  0            0       14        5      0                  0                   0                     0                   0           0
             0                 0          0       0          0             0       5019.480           0    27                       0                 0              0                0                0                    0          8     4          8      0         0                  0                 0                  0            0       14        5      0                  0                   0                     0                   0           0
             0                 0          0       0          0             0       5216.280           0    28                       0                 0              0                0                0                    0          8     4          8      0         0                  0                 0                  0            0       14        5      0                  0                   0                     0                   0           0
             0                 0          0       0          0             0       5413.080           0    29                       0                 0              0                0                0                    0          8     4          8      0         0                  0                 0                  0            0       14        5      0                  0                   0                     0                   0           0
             0                 0          0       0          0             0       5609.880           0    30                       0                 0              0                0                0                    0          8     4          8      0         0                  0                 0                  0            0       14        5      0                  0                   0                     0                   0           0
             0                 0          0       0          0             0       5806.680           0    31                       0                 0              0                0                0                    0          8     4          8      0         0                  0                 0                  0            0       14        5      0                  0                   0                     0                   0           0
             0                 0          0       0          0             0       6003.480           0    32                       0                 0              0                0                0                    0          8     4          8      0         0                  0                 0                  0            0       14        5      0                  0                   0                     0                   0           0
             0                 0          0       0          0             0       6200.280           0    33                       0                 0              0                0                0                    0          8     4          8      0         0                  0                 0                  0            0       14        5      0                  0                   0                     0                   0           0
             0                 0          0       0          0             0       6397.080           0    34                       0                 0              0                0                0                    0          8     4          8      0         0                  0                 0                  0            0       14        5      0                  0                   0                     0                   0           0
             0                 0          0       0          0             0       6593.880           0    35                       0                 0              0                0                0                    0          8     4          8      0         0                  0                 0                  0            0       14        5      0                  0                   0                     0                   0           0
             0                 0          0       0          0             0       6790.680           0    36                       0                 0              0                0                0                    0          8     4          8      0         0                  0                 0                  0            0       14        5      0                  0                   0                     0                   0           0
             0                 0          0       0          0             0       6987.480           0    37                       0                 0              0                0                0                    0          8     4          8      0         0                  0                 0                  0            0       14        5      0                  0                   0                     0                   0           0
             0                 0          0       0          0             0       7184.280           0    38                       0                 0              0                0                0                    0          8     4          8      0         0                  0                 0                  0            0       14        5      0                  0                   0                     0                   0           0
             0                 0          0       0          0             0       7381.080           0    39                       0                 0              0                0                0                    0          8     4          8      0         0                  0                 0                  0            0       14        5      0                  0                   0                     0                   0           0
             0                 0          0       0          0             0       7577.880           0    40                       0                 0              0                0                0                    0          8     4          8      0         0                  0                 0                  0            0       14        5      0                  0                   0                     0                   0           0
             0                 0          0       0          0             0       7774.680           0    41                       0                 0              0                0                0                    0          8     4          8      0         0                  0                 0                  0            0       14        5      0                  0                   0                     0                   0           0
             0                 0          0       0          0             0       7971.480           0    42                       0                 0              0                0                0                    0          8     4          8      0         0                  0                 0                  0            0       14        5      0                  0                   0                     0                   0           0
             0                 0          0       0          0             0       8168.280           0    43                       0                 0              0                0                0                    0          8     4          8      0         0                  0                 0                  0            0       14        5      0                  0                   0                     0                   0           0
             0                 0          0       0          0             0       8365.080           0    44                       0                 0              0                0                0                    0          8     4          8      0         0                  0                 0                  0            0       14        5      0                  0                   0                     0                   0           0
             0                 0          0       0          0             0       8561.880           0    45                       0                 0              0                0                0                    0          8     4          8      0         0                  0                 0                  0            0       14        5      0                  0                   0                     0                   0           0
             0                 0          0       0          0             0       8758.680           0    46                       0                 0              0                0                0                    0          8     4          8      0         0                  0                 0                  0            0       14        5      0                  0                   0                     0                   0           0
             0                 0          0       0          0             0       8955.480           0    47                       0                 0              0                0                0                    0          8     4          8      0         0                  0                 0                  0            0       14        5      0                  0                   0                     0                   0           0
             0                 0          0       0          0             0       9152.280           0    48                       0                 0              0                0                0                    0          8     4          8      0         0                  0                 0                  0            0       14        5      0                  0                   0                     0                   0           0
             0                 0          0       0          0             0       9349.080           0    49                       0                 0              0                0                0                    0          8     4          8      0         0                  0                 0                  0            0       14        5      0                  0                   0                     0                   0           0
             0                 0          0       0          0             0       9545.880           0    50                       0                 0              0                0                0                    0          8     4          8      0         0                  0                 0                  0            0       14        5      0                  0                   0                     0                   0           0
             0                 0          0       0          0             0       9742.680           0    51                       0                 0              0                0                0                    0          8     4          8      0         0                  0                 0                  0            0       14        5      0                  0                   0                     0                   0           0
             0                 0          0       0          0             0       9939.480           0    52                       0                 0              0                0                0                    0          8     4          8      0         0                  0                 0                  0            0       14        5      0                  0                   0                     0                   0           0
             0                 0          0       0          0             0      10136.280           0    53                       0                 0              0                0                0                    0          8     4          8      0         0                  0                 0                  0            0       14        5      0                  0                   0                     0                   0           0
             0                 0          0       0          0             0      10333.080           0    54                       0                 0              0                0                0                    0          8     4          8      0         0                  0                 0                  0            0       14        5      0                  0                   0                     0                   0           0
             0                 0          0       0          0             0      10529.880           0    55                       0                 0              0                0                0                    0          8     4          8      0         0                  0                 0                  0            0       14        5      0                  0                   0                     0                   0           0
             0                 0          0       0          0             0      10726.680           0    56                       0                 0              0                0                0                    0          8     4          8      0         0                  0                 0                  0            0       14        5      0                  0                   0                     0                   0           0
             0                 0          0       0          0             0      10923.480           0    57                       0                 0              0                0                0                    0          8     4          8      0         0                  0                 0                  0            0       14        5      0                  0                   0                     0                   0           0
             0                 0          0       0          0             0      11120.280           0    58                       0                 0              0                0                0                    0          8     4          8      0         0                  0                 0                  0            0       14        5      0                  0                   0                     0                   0           0
             4                 1          2   1.000     16.000        66.000      11668.440           0    59                       0                 0              0                0                0                    0          8     7          8      0         0                  0                 0                  0            0       14        5      0                  0                   0                     0                   0           3
             0                 2          0   1.500    109.000       203.000      12099.480           0    60                       0                 0              0                0                0                    0          8     9          8      0         0                  0                 0                  0            1       14        5      0                  0                   0                     0                   0           1
             0                 1          0   2.000    202.000       167.000      12413.400           0    61                       0                 0              0                0                0                    0          8    10          8      0         0                  0                 0                  0            2       14        5      0                  0                   0                     0                   0           0
             0                 0          0       0          0             0      12610.200           0    62                       0                 0              0                0                0                    0          8    10          8      0         0                  0                 0                  0            1       14        5      0                  0                   0                     0                   0           0
             0                 0          0       0          0             0      12807.000           0    63                       0                 0              0                0                0                    0          8    10          8      0         0                  0                 0                  0            0       14        5      0                  0                   0                     0                   0           0
             0                 0          0       0          0             0      13003.800           0    64                       0                 0              0                0                0                    0          8    10          8      0         0                  0                 0                  0            0       14        5      0                  0                   0                     0                   0           0
             0                 0          0       0          0             0      13200.600           0    65                       0                 0              0                0                0                    0          8    10          8      0         0                  0                 0                  0            0       14        5      0                  0                   0                     0                   0           0
             0                 0          0       0          0             0      13397.400           0    66                       0                 0              0                0                0                    0          8    10          8      0         0                  0                 0                  0            0       14        5      0                  0                   0                     0                   0           0
             0                 0          0       0          0             0      13594.200           0    67                       0                 0              0                0                0                    0          8    10          8      0         0                  0                 0                  0            0       14        5      0                  0                   0                     0                   0           0
             0                 0          0       0          0             0      13791.000           0    68                       0                 0              0                0                0                    0          8    10          8      0         0                  0                 0                  0            0       14        5      0                  0                   0                     0                   0           0
             0                 0          0       0          0             0      13987.800           0    69                       0                 0              0                0                0                    0          8    10          8      0         0                  0                 0                  0            0       14        5      0                  0                   0                     0                   0           0
             0                 0          0       0          0             0      14184.600           0    70                       0                 0              0                0                0                    0          8    10          8      0         0                  0                 0                  0            0       14        5      0                  0                   0                     0                   0           0
             0                 0          0       0          0             0      14381.400           0    71                       0                 0              0                0                0                    0          8    10          8      0         0                  0                 0                  0            0       14        5      0                  0                   0                     0                   0           0
             0                 0          0       0          0             0      14578.200           0    72                       0                 0              0                0                0                    0          8    10          8      0         0                  0                 0                  0            0       14        5      0                  0                   0                     0                   0           0
             0                 0          0       0          0             0      14775.000           0    73                       0                 0              0                0                0                    0          8    10          8      0         0                  0                 0                  0            0       14        5      0                  0                   0                     0                   0           0
             0                 0          0       0          0             0      14971.800           0    74                       0                 0              0                0                0                    0          8    10          8      0         0                  0                 0                  0            0       14        5      0                  0                   0                     0                   0           0
             0                 0          0       0          0             0      15168.600           0    75                       0                 0              0                0                0                    0          8    10          8      0         0                  0                 0                  0            0       14        5      0                  0                   0                     0                   0           0
             0                 0          0       0          0             0      15365.400           0    76                       0                 0              0                0                0                    0          8    10          8      0         0                  0                 0                  0            0       14        5      0                  0                   0                     0                   0           0
             0                 0          0       0          0             0      15562.200           0    77                       0                 0              0                0                0                    0          8    10          8      0         0                  0                 0                  0            0       14        5      0                  0                   0                     0                   0           0
             0                 0          0       0          0             0      15759.000           0    78                       0                 0              0                0                0                    0          8    10          8      0         0                  0                 0                  0            0       14        5      0                  0                   0                     0                   0           0
             0                 0          0       0          0             0      15955.800           0    79                       0                 0              0                0                0                    0          8    10          8      0         0                  0                 0                  0            0       14        5      0                  0                   0                     0                   0           0
             0                 0          0       0          0             0      16152.600           0    80                       0                 0              0                0                0                    0          8    10          8      0         0                  0                 0                  0            0       14        5      0                  0                   0                     0                   0           0
             0                 0          0       0          0             0      16349.400           0    81                       0                 0              0                0                0                    0          8    10          8      0         0                  0                 0                  0            0       14        5      0                  0                   0                     0                   0           0
             0                 0          0       0          0             0      16546.200           0    82                       0                 0              0                0                0                    0          8    10          8      0         0                  0                 0                  0            0       14        5      0                  0                   0                     0                   0           0
             0                 0          0       0          0             0      16743.000           0    83                       0                 0              0                0                0                    0          8    10          8      0         0                  0                 0                  0            0       14        5      0                  0                   0                     0                   0           0
             0                 0          0       0          0             0      16939.800           0    84                       0                 0              0                0                0                    0          8    10          8      0         0                  0                 0                  0            0       14        5      0                  0                   0                     0                   0           0
             0                 0          0       0          0             0      17136.600           0    85                       0                 0              0                0                0                    0          8    10          8      0         0                  0                 0                  0            0       14        5      0                  0                   0                     0                   0           0
             0                 0          0       0          0             0      17333.400           0    86                       0                 0              0                0                0                    0          8    10          8      0         0                  0                 0                  0            0       14        5      0                  0                   0                     0                   0           0
             0                 0          0       0          0             0      17530.200           0    87                       0                 0              0                0                0                    0          8    10          8      0         0                  0                 0                  0            0       14        5      0                  0                   0                     0                   0           0
             0                 0          0       0          0             0      17727.000           0    88                       0                 0              0                0                0                    0          8    10          8      0         0                  0                 0                  0            0       14        5      0                  0                   0                     0                   0           0
             0                 0          0       0          0             0      17923.800           0    89                       0                 0              0                0                0                    0          8    10          8      0         0                  0                 0                  0            0       14        5      0                  0                   0                     0                   0           0
             0                 0          0       0          0             0      18120.600           0    90                       0                 0              0                0                0                    0          8    10          8      0         0                  0                 0                  0            0       14        5      0                  0                   0                     0                   0           0
             0                 0          0       0          0             0      18317.400           0    91                       0                 0              0                0                0                    0          8    10          8      0         0                  0                 0                  0            0       14        5      0                  0                   0                     0                   0           0
             0                 0          0       0          0             0      18514.200           0    92                       0                 0              0                0                0                    0          8    10          8      0         0                  0                 0                  0            0       14        5      0                  0                   0                     0                   0           0
             0                 0          0       0          0             0      18711.000           0    93                       0                 0              0                0                0                    0          8    10          8      0         0                  0                 0                  0            0       14        5      0                  0                   0                     0                   0           0
             0                 0          0       0          0             0      18907.800           0    94                       0                 0              0                0                0                    0          8    10          8      0         0                  0                 0                  0            0       14        5      0                  0                   0                     0                   0           0
             0                 0          0       0          0             0      19104.600           0    95                       0                 0              0                0                0                    0          8    10          8      0         0                  0                 0                  0            0       14        5      0                  0                   0                     0                   0           0
             0                 0          0       0          0             0      19301.400           0    96                       0                 0              0                0                0                    0          8    10          8      0         0                  0                 0                  0            0       14        5      0                  0                   0                     0                   0           0
             0                 0          0       0          0             0      19498.200           0    97                       0                 0              0                0                0                    0          8    10          8      0         0                  0                 0                  0            0       14        5      0                  0                   0                     0                   0           0
             0                 0          0       0          0             0      19695.000           0    98                       0                 0              0                0                0                    0          8    10          8      0         0                  0                 0                  0            0       14        5      0                  0                   0                     0                   0           0
             0                 0          0       0          0             0      19891.800           0    99                       0                 0              0                0                0                    0          8    10          8      0         0                  0                 0                  0            0       14        5      0                  0                   0                     0                   0           0
#pos runNum=0 0@(1.00000,1.00000)@0 1@(0.89556,0.80881)@704 2@(0.90931,0.79352)@804 3@(0.72059,0.91754)@605 4@(0.93569,0.88739)@605
#links runNum=0 0-3@-90dBm@0.865 0-4@-89dBm@0.889 2-3@-93dBm@0.614 1-3@-88dBm@0.930 1-2@-75dBm@1.000 1-4@-89dBm@0.879 0-1@-91dBm@0.787 0-2@-92dBm@0.692 2-4@-89dBm@0.869
#aveChargePerCycle runNum=0 0@97.66 1@24.67 2@1.30 3@49.21 4@26.08
# appGenerated appReachesDagroot appRelayed aveHops aveLatency aveQueueDelay chargeConsumed collidedTxs cycle droppedAppFailedEnqueue droppedMacRetries droppedNoRoute droppedNoTxCells droppedQueueFull effectiveCollidedTxs numRxCells numTx numTxCells otfAdd otfRemove probableCollisions rplChurnParentSet rplChurnPrefParent rplChurnRank rplRxDIO rplTxDIO runNum scheduleCollisions topRxRelocatedCells topTxRelocatedBundles topTxRelocatedCells txQueueFill
             0                 0          0       0          0             0              0           0     0                       0                 0              0                0                0                    0          0     0          0      0         0                  0                 0                  0            0        0        0      1                  0                   0                     0                   0           0
             0                 0          0       0          0             0              0           0     1                       0                 0              0                0                0                    0          0     0          0      0         0                  0                 8                  0            0       14        5      1                  0                   0                     0                   0           0
             0                 0          0       0          0             0              0           0     2                       0                 0              0                0                0                    0          0     0          0      0         0                  0                 0                  0            0       14        5      1                  0                   0                     0                   0           0
             0                 0          0       0          0             0              0           0     3                       0                 0              0                0                0                    0          0     0          0      0         0                  0                 0                  0            0       14        5      1                  0                   0                     0                   0           0
             0                 0          0       0          0             0              0           0     4                       0                 0              0                0                0                    0          4     0          4      4         0                  0                 0                  0            0       14        5      1                  0                   0                     0                   0           0
             0                 0          0       0          0             0        196.800           0     5                       0                 0              0                0                0                    0          8     0          8      4         0                  0                 0                  0            0       14        5      1                  0                   0                     0                   0           0
             0                 0          0       0          0             0        393.600           0     6                       0                 0              0                0                0                    0          8     0          8      0         0                  0                 0                  0            0       14        5      1                  0                   0                     0                   0           0
             0                 0          0       0          0             0        590.400           0     7                       0                 0              0                0                0                    0          8     0          8      0         0                  0                 0                  0            0       14        5      1                  0                   0                     0                   0           0
             0                 0          0       0          0             0        787.200           0     8                       0                 0              0                0                0                    0          8     0          8      0         0                  0                 0                  0            0       14        5      1                  0                   0                     0                   0           0
             0                 0          0       0          0             0        984.000           0     9                       0                 0              0                0                0                    0          8     0          8      0         0                  0                 0                  0            0       14        5      1                  0                   0                     0                   0           0
             0                 0          0       0          0             0       1180.800           0    10                       0                 0              0                0                0                    0          8     0          8      0         0                  0                 0                  0            0       14        5      1                  0                   0                     0                   0           0
             0                 0          0       0          0             0       1377.600           0    11                       0                 0              0                0                0                    0          8     0          8      0         0                  0                 0                  0            0       14        5      1                  0                   0                     0                   0           0
             0                 0          0       0          0             0       1574.400           0    12                       0                 0              0                0                0                    0          8     0          8      0         0                  0                 0                  0            0       14        5      1                  0                   0                     0                   0           0
             0                 0          0       0          0             0       1771.200           0    13                       0                 0              0                0                0                    0          8     0          8      0         0                  0                 0                  0            0       14        5      1                  0                   0                     0                   0           0
             0                 0          0       0          0             0       1968.000           0    14                       0                 0              0                0                0                    0          8     0          8      0         0                  0                 0                  0            0       14        5      1                  0                   0                     0                   0           0
             0                 0          0       0          0             0       2164.800           0    15                       0                 0              0                0                0                    0          8     0          8      0         0                  0                 0                  0            0       14        5      1                  0                   0                     0                   0           0
             0                 0          0       0          0             0       2361.600           0    16                       0                 0              0                0                0                    0          8     0          8      0         0                  0                 0                  0            0       14        5      1                  0                   0                     0                   0           0
             0                 0          0       0          0             0       2558.400           0    17                       0                 0              0                0                0                    0          8     0          8      0         0                  0                 0                  0            0       14        5      1                  0                   0                     0                   0           0
             0                 0          0       0          0             0       2755.200           0    18                       0                 0              0                0                0                    0          8     0          8      0         0                  0                 0                  0            0       14        5      1                  0                   0                     0                   0           0
             4                 2          0   1.000      9.500        19.000       3251.060           0    19                       0                 0              0                0                0                    0          8     3          8      0         0                  0                 0                  0            0       14        5      1                  0                   0                     0                   0           2
             0                 2          1   1.500     68.000       136.000       3799.220           0    20                       0                 0              0                0                0                    0          8     6          8      0         0                  0                 1                  0            3       14        5      1                  0                   0                     0                   0           0
             0                 0          0       0          0             0       3996.020           0    21                       0                 0              0                0                0                    0          8     6          8      0         0                  0                 0                  0            2       14        5      1                  0                   0                     0                   0           0
             0                 0          0       0          0             0       4192.820           0    22                       0                 0              0                0                0                    0          8     6          8      0         0                  0                 0                  0            0       14        5      1                  0                   0                     0                   0           0
             0                 0          0       0          0             0       4389.620           0    23                       0                 0              0                0                0                    0          8     6          8      0         0                  0                 0                  0            0       14        5      1                  0                   0                     0                   0           0
             0                 0          0       0          0             0       4586.420           0    24                       0                 0              0                0                0                    0         11     6         11      1         0                  0                 0                  0            0       14        5      1                  0                   0                     0                   0           0
             0                 0          0       0          0             0       4857.020           0    25                       0                 0              0                0                0                    0         11     6         11      0         0                  0                 0                  0            0       14        5      1                  0                   0                     0                   0           0
             0                 0          0       0          0             0       5127.620           0    26                       0                 0              0                0                0                    0         11     6         11      0         0                  0                 0                  0            0       14        5      1                  0                   0                     0                   0           0
             0                 0          0       0          0             0       5398.220           0    27                       0                 0              0                0                0                    0         11     6         11      0         0                  0                 0                  0            0       14        5      1                  0                   0                     0                   0           0
             0                 0          0       0          0             0       5668.820           0    28                       0                 0              0                0                0                    0         11     6         11      0         0                  0                 0                  0            0       14        5      1                  0                   0                     0                   0           0
             0                 0          0       0          0             0       5939.420           0    29                       0                 0              0                0                0                    0         11     6         11      0         0                  0                 0                  0            0       14        5      1                  0                   0                     0                   0           0
             0                 0          0       0          0             0       6210.020           0    30                       0                 0              0                0                0                    0         11     6         11      0         0                  0                 0                  0            0       14        5      1                  0                   0                     0                   0           0
             0                 0          0       0          0             0       6480.620           0    31                       0                 0              0                0                0                    0         11     6         11      0         0                  0                 0                  0            0       14        5      1                  0                   0                     0                   0           0
             0                 0          0       0          0             0       6751.220           0    32                       0                 0              0                0                0                    0         11     6         11      0         0                  0                 0                  0            0       14        5      1                  0                   0                     0                   0           0
             0                 0          0       0          0             0       7021.820           0    33                       0                 0              0                0                0                    0         11     6         11      0         0                  0                 0                  0            0       14        5      1                  0                   0                     0                   0           0
             0                 0          0       0          0             0       7292.420           0    34                       0                 0              0                0                0                    0         11     6         11      0         0                  0                 0                  0            0       14        5      1                  0                   0                     0                   0           0
             0                 0          0       0          0             0       7563.020           0    35                       0                 0              0                0                0                    0         11     6         11      0         0                  0                 0                  0            0       14        5      1                  0                   0                     0                   0           0
             0                 0          0       0          0             0       7833.620           0    36                       0                 0              0                0                0                    0         11     6         11      0         0                  0                 0                  0            0       14        5      1                  0                   0                     0                   0           0
             0                 0          0       0          0             0       8104.220           0    37                       0                 0              0                0                0                    0         11     6         11      0         0                  0                 0                  0            0       14        5      1                  0                   0                     0                   0           0
             0                 0          0       0          0             0       8374.820           0    38                       0                 0              0                0                0                    0         11     6         11      0         0                  0                 0                  0            0       14        5      1                  0                   0                     0                   0           0
             0                 0          0       0          0             0       8645.420           0    39                       0                 0              0                0                0                    0         11     6         11      0         0                  0                 0                  0            0       14        5      1                  0                   0                     0                   0           0
             0                 0          0       0          0             0       8916.020           0    40                       0                 0              0                0                0                    0         11     6         11      0         0                  0                 0                  0            0       14        5      1                  0                   0                     0                   0           0
             0                 0          0       0          0             0       9186.620           0    41                       0                 0              0                0                0                    0         11     6         11      0         0                  0                 0                  0            0       14        5      1                  0                   0                     0                   0           0
             0                 0          0       0          0             0       9457.220           0    42                       0                 0              0                0                0                    0         11     6         11      0         0                  0                 0                  0            0       14        5      1                  0                   0                     0                   0           0
             0                 0          0       0          0             0       9727.820           0    43                       0                 0              0                0                0                    0         11     6         11      0         0                  0                 0                  0            0       14        5      1                  0                   0                     0                   0           0
             0                 0          0       0          0             0       9998.420           0    44                       0                 0              0                0                0                    0         11     6         11      0         0                  0                 0                  0            0       14        5      1                  0                   0                     0                   0           0
             0                 0          0       0          0             0      10269.020           0    45                       0                 0              0                0                0                    0         11     6         11      0         0                  0                 0                  0            0       14        5      1                  0                   0                     0                   0           0
             0                 0          0       0          0             0      10539.620           0    46                       0                 0              0                0                0                    0         11     6         11      0         0                  0                 0                  0            0       14        5      1                  0                   0                     0                   0           0
             0                 0          0       0          0             0      10810.220           0    47                       0                 0              0                0                0                    0         11     6         11      0         0                  0                 0                  0            0       14        5      1                  0                   0                     0                   0           0
             0                 0          0       0          0             0      11080.820           0    48                       0                 0              0                0                0                    0         11     6         11      0         0                  0                 0                  0            0       14        5      1                  0                   0                     0                   0           0
             0                 0          0       0          0             0      11351.420           0    49                       0                 0              0                0                0                    0         11     6         11      0         0                  0                 0                  0            0       14        5      1                  0                   0                     0                   0           0
             0                 0          0       0          0             0      11622.020           0    50                       0                 0              0                0                0                    0         11     6         11      0         0                  0                 0                  0            0       14        5      1                  0                   0                     0                   0           0
             0                 0          0       0          0             0      11892.620           0    51                       0                 0              0                0                0                    0         11     6         11      0         0                  0                 0                  0            0       14        5      1                  0                   0                     0                   0           0
             0                 0          0       0          0             0      12163.220           0    52                       0                 0              0                0                0                    0         11     6         11      0         0                  0                 0                  0            0       14        5      1                  0                   0                     0                   0           0
             0                 0          0       0          0             0      12433.820           0    53                       0                 0              0                0                0                    0         11     6         11      0         0                  0                 0                  0            0       14        5      1                  0                   0                     0                   0           0
             0                 0          0       0          0             0      12704.420           0    54                       0                 0              0                0                0                    0         11     6         11      0         0                  0                 0                  0            0       14        5      1                  0                   0                     0                   0           0
             0                 0          0       0          0             0      12975.020           0    55                       0                 0              0                0                0                    0         11     6         11      0         0                  0                 0                  0            0       14        5      1                  0                   0                     0                   0           0
             0                 0          0       0          0             0      13245.620           0    56                       0                 0              0                0                0                    0         11     6         11      0         0                  0                 0                  0            0       14        5      1                  0                   0                     0                   0           0
             0                 0          0       0          0             0      13516.220           0    57                       0                 0              0                0                0                    0         11     6         11      0         0                  0                 0                  0            0       14        5      1                  0                   0                     0                   0           0
             0                 0          0       0          0             0      13786.820           0    58                       0                 0              0                0                0                    0         11     6         11      0         0                  0                 0                  0            0       14        5      1                  0                   0                     0                   0           0
             4                 2          3   1.500     49.500       110.500      14643.020           0    59                       0                 0              0                0                0                    0         11    11         11      0         0                  0                 0                  0            0       14        5      1                  0                   0                     0                   0           2
             0                 1          1   2.000    146.000       230.000      15147.860           0    60                       0                 0              0                0                0                    0         11    13         11      0         0                  0                 0                  0            2       14        5      1                  0                   0                     0                   0           1
             0                 1          0   3.000    247.000       118.000      15535.580           0    61                       0                 0              0                0                0                    0         11    14         11      0         0                  0                 0                  0            1       14        5      1                  0                   0                     0                   0           0
             0                 0          0       0          0             0      15806.180           0    62                       0                 0              0                0                0                    0         11    14         11      0         0                  0                 0                  0            1       14        5      1                  0                   0                     0                   0           0
             0                 0          0       0          0             0      16076.780           0    63                       0                 0              0                0                0                    0         11    14         11      0         0                  0                 0                  0            0       14        5      1                  0                   0                     0                   0           0
             0                 0          0       0          0             0      16347.380           0    64                       0                 0              0                0                0                    0         11    14         11      0         0                  0                 0                  0            0       14        5      1                  0                   0                     0                   0           0
             0                 0          0       0          0             0      16617.980           0    65                       0                 0              0                0                0                    0         11    14         11      0         0                  0                 0                  0            0       14        5      1                  0                   0                     0                   0           0
             0                 0          0       0          0             0      16888.580           0    66                       0                 0              0                0                0                    0         11    14         11      0         0                  0                 0                  0            0       14        5      1                  0                   0                     0                   0           0
             0                 0          0       0          0             0      17159.180           0    67                       0                 0              0                0                0                    0         11    14         11      0         0                  0                 0                  0            0       14        5      1                  0                   0                     0                   0           0
             0                 0          0       0          0             0      17429.780           0    68                       0                 0              0                0                0                    0         11    14         11      0         0                  0                 0                  0            0       14        5      1                  0                   0                     0                   0           0
             0                 0          0       0          0             0      17700.380           0    69                       0                 0              0                0                0                    0         11    14         11      0         0                  0                 0                  0            0       14        5      1                  0                   0                     0                   0           0
             0                 0          0       0          0             0      17970.980           0    70                       0                 0              0                0                0                    0         11    14         11      0         0                  0                 0                  0            0       14        5      1                  0                   0                     0                   0           0
             0                 0          0       0          0             0      18241.580           0    71                       0                 0              0                0                0                    0         11    14         11      0         0                  0                 0                  0            0       14        5      1                  0                   0                     0                   0           0
             0                 0          0       0          0             0      18512.180           0    72                       0                 0              0                0                0                    0         11    14         11      0         0                  0                 0                  0            0       14        5      1                  0                   0                     0                   0           0
             0                 0          0       0          0             0      18782.780           0    73                       0                 0              0                0                0                    0         11    14         11      0         0                  0                 0                  0            0       14        5      1                  0                   0                     0                   0           0
             0                 0          0       0          0             0      19053.380           0    74                       0                 0              0                0                0                    0         11    14         11      0         0                  0                 0                  0            0       14        5      1                  0                   0                     0                   0           0
             0                 0          0       0          0             0      19323.980           0    75                       0                 0              0                0                0                    0         11    14         11      0         0                  0                 0                  0            0       14        5      1                  0                   0                     0                   0           0
             0                 0          0       0          0             0      19594.580           0    76                       0                 0              0                0                0                    0         11    14         11      0         0                  0                 0                  0            0       14        5      1                  0                   0                     0                   0           0
             0                 0          0       0          0             0      19865.180           0    77                       0                 0              0                0                0                    0         11    14         11      0         0                  0                 0                  0            0       14        5      1                  0                   0                     0                   0           0
             0                 0          0       0          0             0      20135.780           0    78                       0                 0              0                0                0                    0         11    14         11      0         0                  0                 0                  0            0       14        5      1                  0                   0                     0                   0           0
             0                 0          0       0          0             0      20406.380           0    79                       0                 0              0                0                0                    0         11    14         11      0         0                  0                 0                  0            0       14        5      1                  0                   0                     0                   0           0
             0                 0          0       0          0             0      20676.980           0    80                       0                 0              0                0                0                    0         11    14         11      0         0                  0                 0                  0            0       14        5      1                  0                   0                     0                   0           0
             0                 0          0       0          0             0      20947.580           0    81                       0                 0              0                0                0                    0         11    14         11      0         0                  0                 0                  0            0       14        5      1                  0                   0                     0                   0           0
             0                 0          0       0          0             0      21218.180           0    82                       0                 0              0                0                0                    0         11    14         11      0         0                  0                 0                  0            0       14        5      1                  0                   0                     0                   0           0
             0                 0          0       0          0             0      21488.780           0    83                       0                 0              0                0                0                    0         11    14         11      0         0                  0                 0                  0            0       14        5      1                  0                   0                     0                   0           0
             0                 0          0       0          0             0      21759.380           0    84                       0                 0              0                0                0                    0         11    14         11      0         0                  0                 0                  0            0       14        5      1                  0                   0                     0                   0           0
             0                 0          0       0          0             0      22029.980           0    85                       0                 0              0                0                0                    0         11    14         11      0         0                  0                 0                  0            0       14        5      1                  0                   0                     0                   0           0
             0                 0          0       0          0             0      22300.580           0    86                       0                 0              0                0                0                    0         11    14         11      0         0                  0                 0                  0            0       14        5      1                  0                   0                     0                   0           0
             0                 0          0       0          0             0      22571.180           0    87                       0                 0              0                0                0                    0         11    14         11      0         0                  0                 0                  0            0       14        5      1                  0                   0                     0                   0           0
             0                 0          0       0          0             0      22841.780           0    88                       0                 0              0                0                0                    0         11    14         11      0         0                  0                 0                  0            0       14        5      1                  0                   0                     0                   0           0
             0                 0          0       0          0             0      23112.380           0    89                       0                 0              0                0                0                    0         11    14         11      0         0                  0                 0                  0            0       14        5      1                  0                   0                     0                   0           0
             0                 0          0       0          0             0      23382.980           0    90                       0                 0              0                0                0                    0         11    14         11      0         0                  0                 0                  0            0       14        5      1                  0                   0                     0                   0           0
             0                 0          0       0          0             0      23653.580           0    91                       0                 0              0                0                0                    0         11    14         11      0         0                  0                 0                  0            0       14        5      1                  0                   0                     0                   0           0
             0                 0          0       0          0             0      23924.180           0    92                       0                 0              0                0                0                    0         11    14         11      0         0                  0                 0                  0            0       14        5      1                  0                   0                     0                   0           0
             0                 0          0       0          0             0      24194.780           0    93                       0                 0              0                0                0                    0         11    14         11      0         0                  0                 0                  0            0       14        5      1                  0                   0                     0                   0           0
             0                 0          0       0          0             0      24465.380           0    94                       0                 0              0                0                0                    0         11    14         11      0         0                  0                 0                  0            0       14        5      1                  0                   0                     0                   0           0
             0                 0          0       0          0             0      24735.980           0    95                       0                 0              0                0                0                    0         11    14         11      0         0                  0                 0                  0            0       14        5      1                  0                   0                     0                   0           0
             0                 0          0       0          0             0      25006.580           0    96                       0                 0              0                0                0                    0         11    14         11      0         0                  0                 0                  0            0       14        5      1                  0                   0                     0                   0           0
             0                 0          0       0          0             0      25277.180           0    97                       0                 0              0                0                0                    0         11    14         11      0         0                  0                 0                  0            0       14        5      1                  0                   0                     0                   0           0
             0                 0          0       0          0             0      25547.780           0    98                       0                 0              0                0                0                    0         11    14         11      0         0                  0                 0                  0            0       14        5      1                  0                   0                     0                   0           0
             0                 0          0       0          0             0      25818.380           0    99                       0                 0              0                0                0                    0         11    14         11      0         0                  0                 0                  0            0       14        5      1                  0                   0                     0                   0           0
#pos runNum=1 0@(1.00000,1.00000)@0 1@(1.11907,0.71565)@682 2@(1.12627,0.70625)@804 3@(1.14401,1.01740)@548 4@(1.05686,1.10762)@804
#links runNum=1 1-4@-93dBm@0.650 0-2@-91dBm@0.723 3-4@-84dBm@0.972 0-3@-85dBm@0.959 0-4@-92dBm@0.672 2-3@-93dBm@0.652 1-3@-90dBm@0.858 0-1@-91dBm@0.737 1-2@-78dBm@1.000
#aveChargePerCycle runNum=1 0@97.66 1@82.36 2@1.94 3@74.92 4@1.30