## dioPeriod = 1.0
## startTime = 1463866688.79
## numMotes = 10
## otfHousekeepingPeriod = 5.0
## slotframeLength = 101
## squareSide = 2.0
## cpuID = None
## sixtopPdrThreshold = 1.5
## slotDuration = 0.01
## sixtopNoHousekeeping = 0
## pkPeriodVar = 0.05
## numCyclesPerRun = 100
## numRuns = 2
## otfThreshold = 8
## sixtopNoRemoveWorstCell = 0
## burstTimestamp = 20
## simDataDir = simData
## numChans = 16
## minRssi = -97
## noInterference = 0
## numPacketsBurst = 5
## gui = False
## pkPeriod = None
## combinationKeys = ['numMotes', 'otfThreshold']
## sixtopHousekeepingPeriod = 1.0


# appGenerated appReachesDagroot appRelayed aveHops aveLatency aveQueueDelay chargeConsumed collidedTxs cycle droppedAppFailedEnqueue droppedMacRetries droppedNoRoute droppedNoTxCells droppedQueueFull effectiveCollidedTxs numRxCells numTx numTxCells otfAdd otfRemove probableCollisions rplChurnParentSet rplChurnPrefParent rplChurnRank rplRxDIO rplTxDIO runNum scheduleCollisions topRxRelocatedCells topTxRelocatedBundles topTxRelocatedCells txQueueFill
             0                 0          0       0          0             0              0           0     0                       0                 0              0                0                0                    0          0     0          0      0         0                  0                 0                  0            0        0        0      0                  0                   0                     0                   0           0
             0                 0          0       0          0             0              0           0     1                       0                 0              0                0                0                    0          0     0          0      0         0                  0                18                  3            0       43       10      0                  0                   0                     0                   0           0
             0                 0          0       0          0             0              0           0     2                       0                 0              0                0                0                    0          0     0          0      0         0                  0                 0                  9            0       43       10      0                  0                   0                     0                   0           0
             0                 0          0       0          0             0              0           0     3                       0                 0              0                0                0                    0          0     0          0      0         0                  0                 0                  9            0       43       10      0                  0                   0                     0                   0           0
             0                 0          0       0          0             0              0           0     4                       0                 0              0                0                0                    0         13     0         13     13         0                  0                 0                  9            0       43       10      0                  0                   0                     0                   0           0
             0                 0          0       0          0             0        369.000           0     5                       0                 0              0                0                0                    0         17     0         17      4         0                  0                 0                  9            0       43       10      0                  0                   0                     0                   0           0
             0                 0          0       0          0             0        787.200           0     6                       0                 0              0                0                0                    0         17     0         17      0         0                  0                 0                  9            0       43       10      0                  0                   0                     0                   0           0
             0                 0          0       0          0             0       1205.400           0     7                       0                 0              0                0                0                    0         17     0         17      0         0                  0                 0                  9            0       43       10      0                  0                   0                     0                   0           0
             0                 0          0       0          0             0       1623.600           0     8                       0                 0              0                0                0                    0         17     0         17      0         0                  0                 0                  9            0       43       10      0                  0                   0                     0                   0           0
             0                 0          0       0          0             0       2041.800           0     9                       0                 0              0                0                0                    0         17     0         17      0         0                  0                 0                  9            0       43       10      0                  0                   0                     0                   0           0
             0                 0          0       0          0             0       2460.000           0    10                       0                 0              0                0                0                    0         17     0         17      0         0                  0                 0                  9            0       43       10      0                  0                   0                     0                   0           0
             0                 0          0       0          0             0       2878.200           0    11                       0                 0              0                0                0                    0         17     0         17      0         0                  0                 0                  9            0       43       10      0                  0                   0                     0                   0           0
             0                 0          0       0          0             0       3296.400           0    12                       0                 0              0                0                0                    0         17     0         17      0         0                  0                 0                  9            0       43       10      0                  0                   0                     0                   0           0
             0                 0          0       0          0             0       3714.600           0    13                       0                 0              0                0                0                    0         17     0         17      0         0                  0                 0                  9            0       43       10      0                  0                   0                     0                   0           0
             0                 0          0       0          0             0       4132.800           0    14                       0                 0              0                0                0                    0         17     0         17      0         0                  0                 0                  9            0       43       10      0                  0                   0                     0                   0           0
             0                 0          0       0          0             0       4551.000           0    15                       0                 0              0                0                0                    0         17     0         17      0         0                  0                 0                  9            0       43       10      0                  0                   0                     0                   0           0
             0                 0          0       0          0             0       4969.200           0    16                       0                 0              0                0                0                    0         17     0         17      0         0                  0                 0                  9            0       43       10      0                  0                   0                     0                   0           0
             0                 0          0       0          0             0       5387.400           0    17                       0                 0              0                0                0                    0         17     0         17      0         0                  0                 0                  9            0       43       10      0                  0                   0                     0                   0           0
             0                 0          0       0          0             0       5805.600           0    18                       0                 0              0                0                0                    0         17     0         17      0         0                  0                 0                  9            0       43       10      0                  0                   0                     0                   0           0
             9                 0          0       0          0             0       6223.800           0    19                       0                 0              0                0                0                    0         17     0         17      0         0                  0                 0                  9            0       43       10      0                  0                   0                     0                   0           9
             0                 6          4   1.167     49.833       415.500       7813.200           0    20                       0                 0              0                0                0                    0         17    10         17      0         0                  0                 0                  9            0       43       10      0                  0                   0                     0                   0           3
             0                 2          0   2.000    142.000       203.000       8465.640           0    21                       0                 0              0                0                0                    0         17    12         17      0         0                  0                 0                  9            8       43       10      0                  0                   0                     0                   0           1
             0                 0          0       0          0             0       8948.660           0    22                       0                 0              0                0                0                    0         17    13         17      0         0                  0                 3                  9            3       43       10      0                  0                   0                     0                   0           1
             0                 0          0       0          0             0       9431.680           0    23                       0                 0              0                0                0                    0         17    14         17      0         0                  0                 1                  9            1       43       10      0                  0                   0                     0                   0           1
             0                 1          0   2.000    425.000       346.000       9967.000           0    24                       0                 0              0                0                0                    0         18    15         18      1         0                  0                 1                  5            1       43       10      0                  0                   0                     0                   0           0
             0                 0          0       0          0             0      10532.800           0    25                       0                 0              0                0                0                    0         24    15         24      3         0                  0                 0                  3            1       43       10      0                  0                   0                     0                   0           0
             0                 0          0       0          0             0      11123.200           0    26                       0                 0              0                0                0                    0         24    15         24      0         0                  0                 0                  3            0       43       10      0                  0                   0                     0                   0           0
             0                 0          0       0          0             0      11713.600           0    27                       0                 0              0                0                0                    0         24    15         24      0         0                  0                 0                  3            0       43       10      0                  0                   0                     0                   0           0
             0                 0          0       0          0             0      12304.000           0    28                       0                 0              0                0                0                    0         24    15         24      0         0                  0                 0                  3            0       43       10      0                  0                   0                     0                   0           0
             0                 0          0       0          0             0      12894.400           0    29                       0                 0              0                0                0                    0         24    15         24      0         0                  0                 0                  3            0       43       10      0                  0                   0                     0                   0           0
             0                 0          0       0          0             0      13484.800           0    30                       0                 0              0                0                0                    0         24    15         24      0         0                  0                 0                  3            0       43       10      0                  0                   0                     0                   0           0
             0                 0          0       0          0             0      14075.200           0    31                       0                 0              0                0                0                    0         24    15         24      0         0                  0                 0                  3            0       43       10      0                  0                   0                     0                   0           0
             0                 0          0       0          0             0      14665.600           0    32                       0                 0              0                0                0                    0         24    15         24      0         0                  0                 0                  3            0       43       10      0                  0                   0                     0                   0           0
             0                 0          0       0          0             0      15256.000           0    33                       0                 0              0                0                0                    0         24    15         24      0         0                  0                 0                  3            0       43       10      0                  0                   0                     0                   0           0
             0                 0          0       0          0             0      15846.400           0    34                       0                 0              0                0                0                    0         24    15         24      0         0                  0                 0                  3            0       43       10      0                  0                   0                     0                   0           0
             0                 0          0       0          0             0      16436.800           0    35                       0                 0              0                0                0                    0         24    15         24      0         0                  0                 0                  3            0       43       10      0                  0                   0                     0                   0           0
             0                 0          0       0          0             0      17027.200           0    36                       0                 0              0                0                0                    0         24    15         24      0         0                  0                 0                  3            0       43       10      0                  0                   0                     0                   0           0
             0                 0          0       0          0             0      17617.600           0    37                       0                 0              0                0                0                    0         24    15         24      0         0                  0                 0                  3            0       43       10      0                  0                   0                     0                   0           0
             0                 0          0       0          0             0      18208.000           0    38                       0                 0              0                0                0                    0         24    15         24      0         0                  0                 0                  3            0       43       10      0                  0                   0                     0                   0           0
             0                 0          0       0          0             0      18798.400           0    39                       0                 0              0                0                0                    0         24    15         24      0         0                  0                 0                  3            0       43       10      0                  0                   0                     0                   0           0
             0                 0          0       0          0             0      19388.800           0    40                       0                 0              0                0                0                    0         24    15         24      0         0                  0                 0                  3            0       43       10      0                  0                   0                     0                   0           0
             0                 0          0       0          0             0      19979.200           0    41                       0                 0              0                0                0                    0         24    15         24      0         0                  0                 0                  3            0       43       10      0                  0                   0                     0                   0           0
             0                 0          0       0          0             0      20569.600           0    42                       0                 0              0                0                0                    0         24    15         24      0         0                  0                 0                  3            0       43       10      0                  0                   0                     0                   0           0
             0                 0          0       0          0             0      21160.000           0    43                       0                 0              0                0                0                    0         24    15         24      0         0                  0                 0                  3            0       43       10      0                  0                   0                     0                   0           0
             0                 0          0       0          0             0      21750.400           0    44                       0                 0              0                0                0                    0         24    15         24      0         0                  0                 0                  3            0       43       10      0                  0                   0                     0                   0           0
             0                 0          0       0          0             0      22340.800           0    45                       0                 0              0                0                0                    0         24    15         24      0         0                  0                 0                  3            0       43       10      0                  0                   0                     0                   0           0
             0                 0          0       0          0             0      22931.200           0    46                       0                 0              0                0                0                    0         24    15         24      0         0                  0                 0                  3            0       43       10      0                  0                   0                     0                   0           0
             0                 0          0       0          0             0      23521.600           0    47                       0                 0              0                0                0                    0         24    15         24      0         0                  0                 0                  3            0       43       10      0                  0                   0                     0                   0           0
             0                 0          0       0          0             0      24112.000           0    48                       0                 0              0                0                0                    0         24    15         24      0         0                  0                 0                  3            0       43       10      0                  0                   0                     0                   0           0
             0                 0          0       0          0             0      24702.400           0    49                       0                 0              0                0                0                    0         24    15         24      0         0                  0                 0                  3            0       43       10      0                  0                   0                     0                   0           0
             0                 0          0       0          0             0      25292.800           0    50                       0                 0              0                0                0                    0         24    15         24      0         0                  0                 0                  3            0       43       10      0                  0                   0                     0                   0           0
             0                 0          0       0          0             0      25883.200           0    51                       0                 0              0                0                0                    0         24    15         24      0         0                  0                 0                  3            0       43       10      0                  0                   0                     0                   0           0
             0                 0          0       0          0             0      26473.600           0    52                       0                 0              0                0                0                    0         24    15         24      0         0                  0                 0                  3            0       43       10      0                  0                   0                     0                   0           0
             0                 0          0       0          0             0      27064.000           0    53                       0                 0              0                0                0                    0         24    15         24      0         0                  0                 0                  3            0       43       10      0                  0                   0                     0                   0           0
             0                 0          0       0          0             0      27654.400           0    54                       0                 0              0                0                0                    0         24    15         24      0         0                  0                 0                  3            0       43       10      0                  0                   0                     0                   0           0
             0                 0          0       0          0             0      28244.800           0    55                       0                 0              0                0                0                    0         24    15         24      0         0                  0                 0                  3            0       43       10      0                  0                   0                     0                   0           0
             0                 0          0       0          0             0      28835.200           0    56                       0                 0              0                0                0                    0         24    15         24      0         0                  0                 0                  3            0       43       10      0                  0                   0                     0                   0           0
             0                 0          0       0          0             0      29425.600           0    57                       0                 0              0                0                0                    0         24    15         24      0         0                  0                 0                  3            0       43       10      0                  0                   0                     0                   0           0
             0                 0          0       0          0             0      30016.000           0    58                       0                 0              0                0                0                    0         24    15         24      0         0                  0                 0                  3            0       43       10      0                  0                   0                     0                   0           0
             9                 2          6   1.000     20.000       118.667      31673.000           0    59                       0                 0              0                0                0                    0         24    25         24      0         0                  0                 0                  3            0       43       10      0                  0                   0                     0                   0           7
             0                 5          2   2.000     83.000       283.333      33132.440           0    60                       0                 0              0                0                0                    0         26    32         26      1         0                  0                 2                  3            2       43       10      0                  0                   0                     0                   0           2
             0                 1          0   3.000    202.000       164.000      33790.760           0    61                       0                 0              0                0                0                    0         22    31         22      0         0                  0                 3                  3            7       43       10      0                  0                   0                     0                   0           1
             0                 1          0   2.000    303.000       240.000      34449.080           0    62                       0                 0              0                0                0                    0         22    32         22      0         0                  0                 1                  3            2       43       10      0                  0                   0                     0                   0           0
             0                 0          0       0          0             0      34990.280           0    63                       0                 0              0                0                0                    0         22    32         22      0         0                  0                 0                  3            2       43       10      0                  0                   0                     0                   0           0
             0                 0          0       0          0             0      35556.080           0    64                       0                 0              0                0                0                    0         25    32         25      1         0                  0                 0                  3            0       43       10      0                  0                   0                     0                   0           0
             0                 0          0       0          0             0      36195.680           0    65                       0                 0              0                0                0                    0         30    32         30      2         0                  0                 0                  3            0       43       10      0                  0                   0                     0                   0           0
             0                 0          0       0          0             0      36933.680           0    66                       0                 0              0                0                0                    0         30    32         30      0         0                  0                 0                  3            0       43       10      0                  0                   0                     0                   0           0
             0                 0          0       0          0             0      37671.680           0    67                       0                 0              0                0                0                    0         30    32         30      0         0                  0                 0                  3            0       43       10      0                  0                   0                     0                   0           0
             0                 0          0       0          0             0      38409.680           0    68                       0                 0              0                0                0                    0         30    32         30      0         0                  0                 0                  3            0       43       10      0                  0                   0                     0                   0           0
             0                 0          0       0          0             0      39147.680           0    69                       0                 0              0                0                0                    0         30    32         30      0         0                  0                 0                  3            0       43       10      0                  0                   0                     0                   0           0
             0                 0          0       0          0             0      39885.680           0    70                       0                 0              0                0                0                    0         30    32         30      0         0                  0                 0                  3            0       43       10      0                  0                   0                     0                   0           0
             0                 0          0       0          0             0      40623.680           0    71                       0                 0              0                0                0                    0         30    32         30      0         0                  0                 0                  3            0       43       10      0                  0                   0                     0                   0           0
             0                 0          0       0          0             0      41361.680           0    72                       0                 0              0                0                0                    0         30    32         30      0         0                  0                 0                  3            0       43       10      0                  0                   0                     0                   0           0
             0                 0          0       0          0             0      42099.680           0    73                       0                 0              0                0                0                    0         30    32         30      0         0                  0                 0                  3            0       43       10      0                  0                   0                     0                   0           0
             0                 0          0       0          0             0      42837.680           0    74                       0                 0              0                0                0                    0         30    32         30      0         0                  0                 0                  3            0       43       10      0                  0                   0                     0                   0           0
             0                 0          0       0          0             0      43575.680           0    75                       0                 0              0                0                0                    0         30    32         30      0         0                  0                 0                  3            0       43       10      0                  0                   0                     0                   0           0
             0                 0          0       0          0             0      44313.680           0    76                       0                 0              0                0                0                    0         30    32         30      0         0                  0                 0                  3            0       43       10      0                  0                   0                     0                   0           0
             0                 0          0       0          0             0      45051.680           0    77                       0                 0              0                0                0                    0         30    32         30      0         0                  0                 0                  3            0       43       10      0                  0                   0                     0                   0           0
             0                 0          0       0          0             0      45789.680           0    78                       0                 0              0                0                0                    0         30    32         30      0         0                  0                 0                  3            0       43       10      0                  0                   0                     0                   0           0
             0                 0          0       0          0             0      46527.680           0    79                       0                 0              0                0                0                    0         30    32         30      0         0                  0                 0                  3            0       43       10      0                  0                   0                     0                   0           0
             0                 0          0       0          0             0      47265.680           0    80                       0                 0              0                0                0                    0         30    32         30      0         0                  0                 0                  3            0       43       10      0                  0                   0                     0                   0           0
             0                 0          0       0          0             0      48003.680           0    81                       0                 0              0                0                0                    0         30    32         30      0         0                  0                 0                  3            0       43       10      0                  0                   0                     0                   0           0
             0                 0          0       0          0             0      48741.680           0    82                       0                 0              0                0                0                    0         30    32         30      0         0                  0                 0                  3            0       43       10      0                  0                   0                     0                   0           0
             0                 0          0       0          0             0      49479.680           0    83                       0                 0              0                0                0                    0         30    32         30      0         0                  0                 0                  3            0       43       10      0                  0                   0                     0                   0           0
             0                 0          0       0          0             0      50217.680           0    84                       0                 0              0                0                0                    0         30    32         30      0         0                  0                 0                  3            0       43       10      0                  0                   0                     0                   0           0
             0                 0          0       0          0             0      50955.680           0    85                       0                 0              0                0                0                    0         30    32         30      0         0                  0                 0                  3            0       43       10      0                  0                   0                     0                   0           0
             0                 0          0       0          0             0      51693.680           0    86                       0                 0              0                0                0                    0         30    32         30      0         0                  0                 0                  3            0       43       10      0                  0                   0                     0                   0           0
             0                 0          0       0          0             0      52431.680           0    87                       0                 0              0                0                0                    0         30    32         30      0         0                  0                 0                  3            0       43       10      0                  0                   0                     0                   0           0
             0                 0          0       0          0             0      53169.680           0    88                       0                 0              0                0                0                    0         30    32         30      0         0                  0                 0                  3            0       43       10      0                  0                   0                     0                   0           0
             0                 0          0       0          0             0      53907.680           0    89                       0                 0              0                0                0                    0         30    32         30      0         0                  0                 0                  3            0       43       10      0                  0                   0                     0                   0           0
             0                 0          0       0          0             0      54645.680           0    90                       0                 0              0                0                0                    0         30    32         30      0         0                  0                 0                  3            0       43       10      0                  0                   0                     0                   0           0
             0                 0          0       0          0             0      55383.680           0    91                       0                 0              0                0                0                    0         30    32         30      0         0                  0                 0                  3            0       43       10      0                  0                   0                     0                   0           0
             0                 0          0       0          0             0      56121.680           0    92                       0                 0              0                0                0                    0         30    32         30      0         0                  0                 0                  3            0       43       10      0                  0                   0                     0                   0           0
             0                 0          0       0          0             0      56859.680           0    93                       0                 0              0                0                0                    0         30    32         30      0         0                  0                 0                  3            0       43       10      0                  0                   0                     0                   0           0
             0                 0          0       0          0             0      57597.680           0    94                       0                 0              0                0                0                    0         30    32         30      0         0                  0                 0                  3            0       43       10      0                  0                   0                     0                   0           0
             0                 0          0       0          0             0      58335.680           0    95                       0                 0              0                0                0                    0         30    32         30      0         0                  0                 0                  3            0       43       10      0                  0                   0                     0                   0           0
             0                 0          0       0          0             0      59073.680           0    96                       0                 0              0                0                0                    0         30    32         30      0         0                  0                 0                  3            0       43       10      0                  0                   0                     0                   0           0
             0                 0          0       0          0             0      59811.680           0    97                       0                 0              0                0                0                    0         30    32         30      0         0                  0                 0                  3            0       43       10      0                  0                   0                     0                   0           0
             0                 0          0       0          0             0      60549.680           0    98                       0                 0              0                0                0                    0         30    32         30      0         0                  0                 0                  3            0       43       10      0                  0                   0                     0                   0           0
             0                 0          0       0          0             0      61287.680           0    99                       0                 0              0                0                0                    0         30    32         30      0         0                  0                 0                  3            0       43       10      0                  0                   0                     0                   0           0
#pos runNum=0 0@(1.00000,1.00000)@0 1@(0.81368,0.96603)@558 2@(1.16269,1.01585)@548 3@(1.02955,0.99584)@554 4@(1.04925,1.04279)@630 5@(1.04914,1.06879)@1024 6@(0.89778,1.06525)@1411 7@(1.09774,1.10398)@1116 8@(1.06532,1.30653)@682 9@(1.21863,1.04108)@682
#links runNum=0 3-5@-85dBm@0.960 0-2@-85dBm@0.961 2-4@-93dBm@0.660 2-7@-87dBm@0.938 4-6@-88dBm@0.917 1-4@-91dBm@0.719 1-2@-92dBm@0.682 3-4@-95dBm@0.234 1-3@-90dBm@0.859 0-8@-91dBm@0.764 4-7@-78dBm@1.000 1-5@-95dBm@0.299 4-8@-89dBm@0.868 3-7@-94dBm@0.368 2-9@-90dBm@0.861 7-8@-87dBm@0.944 0-4@-85dBm@0.960 0-3@-88dBm@0.935 2-3@-90dBm@0.861 4-5@-77dBm@1.000 0-9@-91dBm@0.746 0-5@-93dBm@0.541 7-9@-92dBm@0.682 1-6@-93dBm@0.618 2-6@-92dBm@0.675 0-1@-86dBm@0.951 5-7@-79dBm@1.000
#aveChargePerCycle runNum=0 0@172.76 1@82.36 2@171.60 3@51.91 4@103.23 5@1.30 6@1.30 7@1.30 8@25.84 9@1.30
# appGenerated appReachesDagroot appRelayed aveHops aveLatency aveQueueDelay chargeConsumed collidedTxs cycle droppedAppFailedEnqueue droppedMacRetries droppedNoRoute droppedNoTxCells droppedQueueFull effectiveCollidedTxs numRxCells numTx numTxCells otfAdd otfRemove probableCollisions rplChurnParentSet rplChurnPrefParent rplChurnRank rplRxDIO rplTxDIO runNum scheduleCollisions topRxRelocatedCells topTxRelocatedBundles topTxRelocatedCells txQueueFill
             0                 0          0       0          0             0              0           0     0                       0                 0              0                0                0                    0          0     0          0      0         0                  0                 0                  0            0        0        0      1                  0                   0                     0                   0           0
             0                 0          0       0          0             0              0           0     1                       0                 0              0                0                0                    0          0     0          0      0         0                  0                21                  2            0       49       10      1                  0                   0                     0                   0           0
             0                 0          0       0          0             0              0           0     2                       0                 0              0                0                0                    0          0     0          0      0         0                  0                 0                  8            0       49       10      1                  0                   0                     0                   0           0
             0                 0          0       0          0             0              0           0     3                       0                 0              0                0                0                    0          0     0          0      0         0                  0                 0                  8            0       49       10      1                  0                   0                     0                   0           0
             0                 0          0       0          0             0         73.800           0     4                       0                 0              0                0                0                    0         15     0         15     15         0                  0                 0                  8            0       49       10      1                  0                   0                     0                   0           0
             0                 0          0       0          0             0        590.400           0     5                       0                 0              0                0                0                    0         21     0         21      6         0                  0                 0                  8            0       49       10      1                  0                   0                     0                   0           0
             0                 0          0       0          0             0       1107.000           0     6                       0                 0              0                0                0                    0         21     0         21      0         0                  0                 0                  8            0       49       10      1                  0                   0                     0                   0           0
             0                 0          0       0          0             0       1623.600           0     7                       0                 0              0                0                0                    0         21     0         21      0         0                  0                 0                  8            0       49       10      1                  0                   0                     0                   0           0
             0                 0          0       0          0             0       2140.200           0     8                       0                 0              0                0                0                    0         21     0         21      0         0                  0                 0                  8            0       49       10      1                  0                   0                     0                   0           0
             0                 0          0       0          0             0       2656.800           0     9                       0                 0              0                0                0                    0         21     0         21      0         0                  0                 0                  8            0       49       10      1                  0                   0                     0                   0           0
             0                 0          0       0          0             0       3173.400           0    10                       0                 0              0                0                0                    0         21     0         21      0         0                  0                 0                  8            0       49       10      1                  0                   0                     0                   0           0
             0                 0          0       0          0             0       3690.000           0    11                       0                 0              0                0                0                    0         21     0         21      0         0                  0                 0                  8            0       49       10      1                  0                   0                     0                   0           0
             0                 0          0       0          0             0       4206.600           0    12                       0                 0              0                0                0                    0         21     0         21      0         0                  0                 0                  8            0       49       10      1                  0                   0                     0                   0           0
             0                 0          0       0          0             0       4723.200           0    13                       0                 0              0                0                0                    0         21     0         21      0         0                  0                 0                  8            0       49       10      1                  0                   0                     0                   0           0
             0                 0          0       0          0             0       5239.800           0    14                       0                 0              0                0                0                    0         21     0         21      0         0                  0                 0                  8            0       49       10      1                  0                   0                     0                   0           0
             0                 0          0       0          0             0       5756.400           0    15                       0                 0              0                0                0                    0         21     0         21      0         0                  0                 0                  8            0       49       10      1                  0                   0                     0                   0           0
             0                 0          0       0          0             0       6273.000           0    16                       0                 0              0                0                0                    0         21     0         21      0         0                  0                 0                  8            0       49       10      1                  0                   0                     0                   0           0
             0                 0          0       0          0             0       6789.600           0    17                       0                 0              0                0                0                    0         21     0         21      0         0                  0                 0                  8            0       49       10      1                  0                   0                     0                   0           0
             0                 0          0       0          0             0       7306.200           0    18                       0                 0              0                0                0                    0         21     0         21      0         0                  0                 0                  8            0       49       10      1                  0                   0                     0                   0           0
             9                 2          0   1.000     11.000        22.000       8186.680           0    19                       0                 0              0                0                0                    0         21     4         21      0         0                  0                 0                  8            0       49       10      1                  0                   0                     0                   0           7
             0                 2          4   1.500    108.500       402.000       9730.100           0    20                       0                 0              0                0                0                    0         21    15         21      0         0                  0                 0                  8            3       49       10      1                  0                   0                     0                   0           5
             0                 3          1   1.333    165.333       537.000      10690.580           0    21                       0                 0              0                0                0                    0         20    17         20      0         0                  0                 4                  8            5       49       10      1                  0                   0                     0                   0           2
             0                 2          0   2.500    277.000       328.000      11416.820           0    22                       0                 0              0                0                0                    0         20    19         20      0         0                  0                 2                  8            3       49       10      1                  0                   0                     0                   0           0
             0                 0          0       0          0             0      11908.820           0    23                       0                 0              0                0                0                    0         20    19         20      0         0                  0                 2                  8            2       49       10      1                  0                   0                     0                   0           0
             0                 0          0       0          0             0      12499.220           0    24                       0                 0              0                0                0                    0         24    19         24      2         0                  0                 0                  8            0       49       10      1                  0                   0                     0                   0           0
             0                 0          0       0          0             0      13089.620           0    25                       0                 0              0                0                0                    0         24    19         24      0         0                  0                 0                  8            0       49       10      1                  0                   0                     0                   0           0
             0                 0          0       0          0             0      13680.020           0    26                       0                 0              0                0                0                    0         24    19         24      0         0                  0                 0                  8            0       49       10      1                  0                   0                     0                   0           0
             0                 0          0       0          0             0      14270.420           0    27                       0                 0              0                0                0                    0         24    19         24      0         0                  0                 0                  8            0       49       10      1                  0                   0                     0                   0           0
             0                 0          0       0          0             0      14860.820           0    28                       0                 0              0                0                0                    0         24    19         24      0         0                  0                 0                  8            0       49       10      1                  0                   0                     0                   0           0
             0                 0          0       0          0             0      15451.220           0    29                       0                 0              0                0                0                    0         24    19         24      0         0                  0                 0                  8            0       49       10      1                  0                   0                     0                   0           0
             0                 0          0       0          0             0      16041.620           0    30                       0                 0              0                0                0                    0         24    19         24      0         0                  0                 0                  8            0       49       10      1                  0                   0                     0                   0           0
             0                 0          0       0          0             0      16632.020           0    31                       0                 0              0                0                0                    0         24    19         24      0         0                  0                 0                  8            0       49       10      1                  0                   0                     0                   0           0
             0                 0          0       0          0             0      17222.420           0    32                       0                 0              0                0                0                    0         24    19         24      0         0                  0                 0                  8            0       49       10      1                  0                   0                     0                   0           0
             0                 0          0       0          0             0      17812.820           0    33                       0                 0              0                0                0                    0         24    19         24      0         0                  0                 0                  8            0       49       10      1                  0                   0                     0                   0           0
             0                 0          0       0          0             0      18403.220           0    34                       0                 0              0                0                0                    0         24    19         24      0         0                  0                 0                  8            0       49       10      1                  0                   0                     0                   0           0
             0                 0          0       0          0             0      18993.620           0    35                       0                 0              0                0                0                    0         24    19         24      0         0                  0                 0                  8            0       49       10      1                  0                   0                     0                   0           0
             0                 0          0       0          0             0      19584.020           0    36                       0                 0              0                0                0                    0         24    19         24      0         0                  0                 0                  8            0       49       10      1                  0                   0                     0                   0           0
             0                 0          0       0          0             0      20174.420           0    37                       0                 0              0                0                0                    0         24    19         24      0         0                  0                 0                  8            0       49       10      1                  0                   0                     0                   0           0
             0                 0          0       0          0             0      20764.820           0    38                       0                 0              0                0                0                    0         24    19         24      0         0                  0                 0                  8            0       49       10      1                  0                   0                     0                   0           0
             0                 0          0       0          0             0      21355.220           0    39                       0                 0              0                0                0                    0         24    19         24      0         0                  0                 0                  8            0       49       10      1                  0                   0                     0                   0           0
             0                 0          0       0          0             0      21945.620           0    40                       0                 0              0                0                0                    0         24    19         24      0         0                  0                 0                  8            0       49       10      1                  0                   0                     0                   0           0
             0                 0          0       0          0             0      22536.020           0    41                       0                 0              0                0                0                    0         24    19         24      0         0                  0                 0                  8            0       49       10      1                  0                   0                     0                   0           0
             0                 0          0       0          0             0      23126.420           0    42                       0                 0              0                0                0                    0         24    19         24      0         0                  0                 0                  8            0       49       10      1                  0                   0                     0                   0           0
             0                 0          0       0          0             0      23716.820           0    43                       0                 0              0                0                0                    0         24    19         24      0         0                  0                 0                  8            0       49       10      1                  0                   0                     0                   0           0
             0                 0          0       0          0             0      24307.220           0    44                       0                 0              0                0                0                    0         24    19         24      0         0                  0                 0                  8            0       49       10      1                  0                   0                     0                   0           0
             0                 0          0       0          0             0      24897.620           0    45                       0                 0              0                0                0                    0         24    19         24      0         0                  0                 0                  8            0       49       10      1                  0                   0                     0                   0           0
             0                 0          0       0          0             0      25488.020           0    46                       0                 0              0                0                0                    0         24    19         24      0         0                  0                 0                  8            0       49       10      1                  0                   0                     0                   0           0
             0                 0          0       0          0             0      26078.420           0    47                       0                 0              0                0                0                    0         24    19         24      0         0                  0                 0                  8            0       49       10      1                  0                   0                     0                   0           0
             0                 0          0       0          0             0      26668.820           0    48                       0                 0              0                0                0                    0         24    19         24      0         0                  0                 0                  8            0       49       10      1                  0                   0                     0                   0           0
             0                 0          0       0          0             0      27259.220           0    49                       0                 0              0                0                0                    0         24    19         24      0         0                  0                 0                  8            0       49       10      1                  0                   0                     0                   0           0
             0                 0          0       0          0             0      27849.620           0    50                       0                 0              0                0                0                    0         24    19         24      0         0                  0                 0                  8            0       49       10      1                  0                   0                     0                   0           0
             0                 0          0       0          0             0      28440.020           0    51                       0                 0              0                0                0                    0         24    19         24      0         0                  0                 0                  8            0       49       10      1                  0                   0                     0                   0           0
             0                 0          0       0          0             0      29030.420           0    52                       0                 0              0                0                0                    0         24    19         24      0         0                  0                 0                  8            0       49       10      1                  0                   0                     0                   0           0
             0                 0          0       0          0             0      29620.820           0    53                       0                 0              0                0                0                    0         24    19         24      0         0                  0                 0                  8            0       49       10      1                  0                   0                     0                   0           0
             0                 0          0       0          0             0      30211.220           0    54                       0                 0              0                0                0                    0         24    19         24      0         0                  0                 0                  8            0       49       10      1                  0                   0                     0                   0           0
             0                 0          0       0          0             0      30801.620           0    55                       0                 0              0                0                0                    0         24    19         24      0         0                  0                 0                  8            0       49       10      1                  0                   0                     0                   0           0
             0                 0          0       0          0             0      31392.020           0    56                       0                 0              0                0                0                    0         24    19         24      0         0                  0                 0                  8            0       49       10      1                  0                   0                     0                   0           0
             0                 0          0       0          0             0      31982.420           0    57                       0                 0              0                0                0                    0         24    19         24      0         0                  0                 0                  8            0       49       10      1                  0                   0                     0                   0           0
             0                 0          0       0          0             0      32572.820           0    58                       0                 0              0                0                0                    0         24    19         24      0         0                  0                 0                  8            0       49       10      1                  0                   0                     0                   0           0
             9                 1          8   1.000     36.000       195.500      34346.940           0    59                       0                 0              0                0                0                    0         24    30         24      0         0                  0                 0                  8            0       49       10      1                  0                   0                     0                   0           8
             0                 2          2   1.500    115.000       290.000      35405.820           0    60                       0                 0              0                0                0                    0         24    34         24      0         0                  0                 0                  8            3       49       10      1                  0                   0                     0                   0           6
             0                 1          0   3.000    238.000       155.000      36178.160           0    61                       0                 0              0                0                0                    0         24    36         24      0         0                  0                 0                  8            2       49       10      1                  0                   0                     0                   0           5
             0                 0          0       0          0             0      36759.580           0    62                       0                 0              0                0                0                    0         21    35         21      0         0                  0                 2                  8            2       49       10      1                  0                   0                     0                   0           5
             0                 1          0   2.000    396.000       390.000      37368.700           0    63                       0                 0              0                0                0                    0         20    35         20      0         0                  0                 1                  8            1       49       10      1                  0                   0                     0                   0           4
             0                 0          1       0          0       527.000      38067.240           0    64                       0                 0              0                0                0                    0         26    37         26      2         0                  0                 0                  8            1       49       10      1                  0                   0                     0                   0           4
             0                 3          3   3.667    609.333       631.000      39474.380           0    65                       0                 0              0                0                0                    0         26    44         26      0         0                  0                 0                  8            1       49       10      1                  0                   0                     0                   0           1
             0                 1          0   3.000    689.000       106.000      40231.100           0    66                       0                 0              0                0                0                    0         26    45         26      0         0                  0                 0                  8            3       49       10      1                  0                   0                     0                   0           0
             0                 0          0       0          0             0      40870.700           0    67                       0                 0              0                0                0                    0         26    45         26      0         0                  0                 0                  8            1       49       10      1                  0                   0                     0                   0           0
             0                 0          0       0          0             0      41510.300           0    68                       0                 0              0                0                0                    0         26    45         26      0         0                  0                 0                  8            0       49       10      1                  0                   0                     0                   0           0
             0                 0          0       0          0             0      42149.900           0    69                       0                 0              0                0                0                    0         26    45         26      0         0                  0                 0                  8            0       49       10      1                  0                   0                     0                   0           0
             0                 0          0       0          0             0      42789.500           0    70                       0                 0              0                0                0                    0         26    45         26      0         0                  0                 0                  8            0       49       10      1                  0                   0                     0                   0           0
             0                 0          0       0          0             0      43429.100           0    71                       0                 0              0                0                0                    0         26    45         26      0         0                  0                 0                  8            0       49       10      1                  0                   0                     0                   0           0
             0                 0          0       0          0             0      44068.700           0    72                       0                 0              0                0                0                    0         26    45         26      0         0                  0                 0                  8            0       49       10      1                  0                   0                     0                   0           0
             0                 0          0       0          0             0      44708.300           0    73                       0                 0              0                0                0                    0         26    45         26      0         0                  0                 0                  8            0       49       10      1                  0                   0                     0                   0           0
             0                 0          0       0          0             0      45347.900           0    74                       0                 0              0                0                0                    0         26    45         26      0         0                  0                 0                  8            0       49       10      1                  0                   0                     0                   0           0
             0                 0          0       0          0             0      45987.500           0    75                       0                 0              0                0                0                    0         26    45         26      0         0                  0                 0                  8            0       49       10      1                  0                   0                     0                   0           0
             0                 0          0       0          0             0      46627.100           0    76                       0                 0              0                0                0                    0         26    45         26      0         0                  0                 0                  8            0       49       10      1                  0                   0                     0                   0           0
             0                 0          0       0          0             0      47266.700           0    77                       0                 0              0                0                0                    0         26    45         26      0         0                  0                 0                  8            0       49       10      1                  0                   0                     0                   0           0
             0                 0          0       0          0             0      47906.300           0    78                       0                 0              0                0                0                    0         26    45         26      0         0                  0                 0                  8            0       49       10      1                  0                   0                     0                   0           0
             0                 0          0       0          0             0      48545.900           0    79                       0                 0              0                0                0                    0         26    45         26      0         0                  0                 0                  8            0       49       10      1                  0                   0                     0                   0           0
             0                 0          0       0          0             0      49185.500           0    80                       0                 0              0                0                0                    0         26    45         26      0         0                  0                 0                  8            0       49       10      1                  0                   0                     0                   0           0
             0                 0          0       0          0             0      49825.100           0    81                       0                 0              0                0                0                    0         26    45         26      0         0                  0                 0                  8            0       49       10      1                  0                   0                     0                   0           0
             0                 0          0       0          0             0      50464.700           0    82                       0                 0              0                0                0                    0         26    45         26      0         0                  0                 0                  8            0       49       10      1                  0                   0                     0                   0           0
             0                 0          0       0          0             0      51104.300           0    83                       0                 0              0                0                0                    0         26    45         26      0         0                  0                 0                  8            0       49       10      1                  0                   0                     0                   0           0
             0                 0          0       0          0             0      51743.900           0    84                       0                 0              0                0                0                    0         26    45         26      0         0                  0                 0                  8            0       49       10      1                  0                   0                     0                   0           0
             0                 0          0       0          0             0      52383.500           0    85                       0                 0              0                0                0                    0         26    45         26      0         0                  0                 0                  8            0       49       10      1                  0                   0                     0                   0           0
             0                 0          0       0          0             0      53023.100           0    86                       0                 0              0                0                0                    0         26    45         26      0         0                  0                 0                  8            0       49       10      1                  0                   0                     0                   0           0
             0                 0          0       0          0             0      53662.700           0    87                       0                 0              0                0                0                    0         26    45         26      0         0                  0                 0                  8            0       49       10      1                  0                   0                     0                   0           0
             0                 0          0       0          0             0      54302.300           0    88                       0                 0              0                0                0                    0         26    45         26      0         0                  0                 0                  8            0       49       10      1                  0                   0                     0                   0           0
             0                 0          0       0          0             0      54941.900           0    89                       0                 0              0                0                0                    0         26    45         26      0         0                  0                 0                  8            0       49       10      1                  0                   0                     0                   0           0
             0                 0          0       0          0             0      55581.500           0    90                       0                 0              0                0                0                    0         26    45         26      0         0                  0                 0                  8            0       49       10      1                  0                   0                     0                   0           0
             0                 0          0       0          0             0      56221.100           0    91                       0                 0              0                0                0                    0         26    45         26      0         0                  0                 0                  8            0       49       10      1                  0                   0                     0                   0           0
             0                 0          0       0          0             0      56860.700           0    92                       0                 0              0                0                0                    0         26    45         26      0         0                  0                 0                  8            0       49       10      1                  0                   0                     0                   0           0
             0                 0          0       0          0             0      57500.300           0    93                       0                 0              0                0                0                    0         26    45         26      0         0                  0                 0                  8            0       49       10      1                  0                   0                     0                   0           0
             0                 0          0       0          0             0      58139.900           0    94                       0                 0              0                0                0                    0         26    45         26      0         0                  0                 0                  8            0       49       10      1                  0                   0                     0                   0           0
             0                 0          0       0          0             0      58779.500           0    95                       0                 0              0                0                0                    0         26    45         26      0         0                  0                 0                  8            0       49       10      1                  0                   0                     0                   0           0
             0                 0          0       0          0             0      59419.100           0    96                       0                 0              0                0                0                    0         26    45         26      0         0                  0                 0                  8            0       49       10      1                  0                   0                     0                   0           0
             0                 0          0       0          0             0      60058.700           0    97                       0                 0              0                0                0                    0         26    45         26      0         0                  0                 0                  8            0       49       10      1                  0                   0                     0                   0           0
             0                 0          0       0          0             0      60698.300           0    98                       0                 0              0                0                0                    0         26    45         26      0         0                  0                 0                  8            0       49       10      1                  0                   0                     0                   0           0
             0                 0          0       0          0             0      61337.900           0    99                       0                 0              0                0                0                    0         26    45         26      0         0                  0                 0                  8            0       49       10      1                  0                   0                     0                   0           0
#pos runNum=1 0@(1.00000,1.00000)@0 1@(1.14261,0.88270)@804 2@(1.03677,0.93617)@682 3@(0.90283,0.98777)@1024 4@(0.85920,0.93863)@804 5@(0.76782,0.91344)@748 6@(0.99963,0.83824)@544 7@(1.20060,1.02451)@1307 8@(0.70034,0.97039)@651 9@(1.01473,0.83168)@1429
#links runNum=1 2-4@-88dBm@0.935 0-3@-94dBm@0.516 6-7@-92dBm@0.716 0-8@-90dBm@0.862 7-8@-97dBm@0.052 2-6@-92dBm@0.696 2-5@-89dBm@0.870 0-2@-91dBm@0.795 4-6@-89dBm@0.867 3-4@-78dBm@1.000 1-5@-93dBm@0.645 3-9@-91dBm@0.775 2-7@-89dBm@0.876 5-8@-90dBm@0.808 0-6@-85dBm@0.959 8-9@-92dBm@0.691 0-1@-91dBm@0.755 3-7@-91dBm@0.749 1-2@-82dBm@0.980 2-3@-86dBm@0.957 1-9@-90dBm@0.861 4-8@-90dBm@0.834 0-5@-90dBm@0.839 6-9@-90dBm@0.808 1-3@-89dBm@0.888 1-6@-92dBm@0.664 0-4@-93dBm@0.609 3-8@-90dBm@0.814
#aveChargePerCycle runNum=1 0@173.50 1@51.68 2@103.22 3@48.68 4@1.30 5@76.75 6@124.00 7@1.94 8@30.36 9@1.94