## dioPeriod = 1.0
## startTime = 1463673648.18
## numMotes = 10
## otfHousekeepingPeriod = 5.0
## slotframeLength = 101
## squareSide = 2.0
## cpuID = None
## sixtopPdrThreshold = 1.5
## slotDuration = 0.01
## sixtopNoHousekeeping = 0
## pkPeriodVar = 0.05
## numCyclesPerRun = 100
## numRuns = 2
## otfThreshold = 4
## sixtopNoRemoveWorstCell = 0
## burstTimestamp = 20
## simDataDir = simData
## numChans = 16
## minRssi = -97
## noInterference = 0
## numPacketsBurst = 5
## gui = False
## pkPeriod = None
## combinationKeys = ['numMotes', 'otfThreshold']
## sixtopHousekeepingPeriod = 1.0


# appGenerated appReachesDagroot appRelayed aveHops aveLatency aveQueueDelay chargeConsumed collidedTxs cycle droppedAppFailedEnqueue droppedMacRetries droppedNoRoute droppedNoTxCells droppedQueueFull effectiveCollidedTxs numRxCells numTx numTxCells otfAdd otfRemove probableCollisions rplChurnParentSet rplChurnPrefParent rplChurnRank rplRxDIO rplTxDIO runNum scheduleCollisions topRxRelocatedCells topTxRelocatedBundles topTxRelocatedCells txQueueFill
             0                 0          0       0          0             0              0           0     0                       0                 0              0                0                0                    0          0     0          0      0         0                  0                 0                  0            0        0        0      0                  0                   0                     0                   0           0
             0                 0          0       0          0             0              0           0     1                       0                 0              0                0                0                    0          0     0          0      0         0                  0                21                  3            0       48       10      0                  0                   0                     0                   0           0
             0                 0          0       0          0             0              0           0     2                       0                 0              0                0                0                    0          0     0          0      0         0                  0                 0                 11            0       48       10      0                  0                   0                     0                   0           0
             0                 0          0       0          0             0              0           0     3                       0                 0              0                0                0                    0          0     0          0      0         0                  0                 0                 11            0       48       10      0                  0                   0                     0                   0           0
             0                 0          0       0          0             0        123.000           0     4                       0                 0              0                0                0                    0         11     0         11     11         0                  0                 0                 11            0       48       10      0                  0                   0                     0                   0           0
             0                 0          0       0          0             0        590.400           0     5                       0                 0              0                0                0                    0         21     0         21     10         0                  0                 0                 11            0       48       10      0                  0                   0                     0                   0           0
             0                 0          0       0          0             0       1107.000           0     6                       0                 0              0                0                0                    0         21     0         21      0         0                  0                 0                 11            0       48       10      0                  0                   0                     0                   0           0
             0                 0          0       0          0             0       1623.600           0     7                       0                 0              0                0                0                    0         21     0         21      0         0                  0                 0                 11            0       48       10      0                  0                   0                     0                   0           0
             0                 0          0       0          0             0       2140.200           0     8                       0                 0              0                0                0                    0         21     0         21      0         0                  0                 0                 11            0       48       10      0                  0                   0                     0                   0           0
             0                 0          0       0          0             0       2656.800           0     9                       0                 0              0                0                0                    0         21     0         21      0         0                  0                 0                 11            0       48       10      0                  0                   0                     0                   0           0
             0                 0          0       0          0             0       3173.400           0    10                       0                 0              0                0                0                    0         21     0         21      0         0                  0                 0                 11            0       48       10      0                  0                   0                     0                   0           0
             0                 0          0       0          0             0       3690.000           0    11                       0                 0              0                0                0                    0         21     0         21      0         0                  0                 0                 11            0       48       10      0                  0                   0                     0                   0           0
             0                 0          0       0          0             0       4206.600           0    12                       0                 0              0                0                0                    0         21     0         21      0         0                  0                 0                 11            0       48       10      0                  0                   0                     0                   0           0
             0                 0          0       0          0             0       4723.200           0    13                       0                 0              0                0                0                    0         21     0         21      0         0                  0                 0                 11            0       48       10      0                  0                   0                     0                   0           0
             0                 0          0       0          0             0       5239.800           0    14                       0                 0              0                0                0                    0         21     0         21      0         0                  0                 0                 11            0       48       10      0                  0                   0                     0                   0           0
             0                 0          0       0          0             0       5756.400           0    15                       0                 0              0                0                0                    0         21     0         21      0         0                  0                 0                 11            0       48       10      0                  0                   0                     0                   0           0
             0                 0          0       0          0             0       6273.000           0    16                       0                 0              0                0                0                    0         21     0         21      0         0                  0                 0                 11            0       48       10      0                  0                   0                     0                   0           0
             0                 0          0       0          0             0       6789.600           0    17                       0                 0              0                0                0                    0         21     0         21      0         0                  0                 0                 11            0       48       10      0                  0                   0                     0                   0           0
             0                 0          0       0          0             0       7306.200           0    18                       0                 0              0                0                0                    0         21     0         21      0         0                  0                 0                 11            0       48       10      0                  0                   0                     0                   0           0
             9                 2          4   1.000      5.000        31.000       8590.340           0    19                       0                 0              0                0                0                    0         21     7         21      0         0                  0                 0                 11            0       48       10      0                  0                   0                     0                   0           7
             0                 3          2   1.333     66.667       220.000       9692.540           0    20                       0                 0              0                0                0                    0         21    12         21      0         0                  0                 1                 11            3       48       10      0                  0                   0                     0                   0           4
             0                 2          0   2.000    147.500       270.000      10443.380           0    21                       0                 0              0                0                0                    0         21    14         21      0         0                  0                 2                 11            3       48       10      0                  0                   0                     0                   0           2
             0                 1          0   2.000    269.000       263.000      11077.100           0    22                       0                 0              0                0                0                    0         21    15         21      0         0                  0                 1                 11            2       48       10      0                  0                   0                     0                   0           1
             0                 1          0   3.000    370.000       353.000      11710.820           0    23                       0                 0              0                0                0                    0         21    16         21      0         0                  0                 1                 11            1       48       10      0                  0                   0                     0                   0           0
             0                 0          0       0          0             0      12227.420           0    24                       0                 0              0                0                0                    0         23    16         23      1         0                  0                 0                 11            1       48       10      0                  0                   0                     0                   0           0
             0                 0          0       0          0             0      12793.220           0    25                       0                 0              0                0                0                    0         23    16         23      0         0                  0                 0                 11            0       48       10      0                  0                   0                     0                   0           0
             0                 0          0       0          0             0      13359.020           0    26                       0                 0              0                0                0                    0         23    16         23      0         0                  0                 0                 11            0       48       10      0                  0                   0                     0                   0           0
             0                 0          0       0          0             0      13924.820           0    27                       0                 0              0                0                0                    0         23    16         23      0         0                  0                 0                 11            0       48       10      0                  0                   0                     0                   0           0
             0                 0          0       0          0             0      14490.620           0    28                       0                 0              0                0                0                    0         23    16         23      0         0                  0                 0                 11            0       48       10      0                  0                   0                     0                   0           0
             0                 0          0       0          0             0      15056.420           0    29                       0                 0              0                0                0                    0         23    16         23      0         0                  0                 0                 11            0       48       10      0                  0                   0                     0                   0           0
             0                 0          0       0          0             0      15622.220           0    30                       0                 0              0                0                0                    0         23    16         23      0         0                  0                 0                 11            0       48       10      0                  0                   0                     0                   0           0
             0                 0          0       0          0             0      16188.020           0    31                       0                 0              0                0                0                    0         23    16         23      0         0                  0                 0                 11            0       48       10      0                  0                   0                     0                   0           0
             0                 0          0       0          0             0      16753.820           0    32                       0                 0              0                0                0                    0         23    16         23      0         0                  0                 0                 11            0       48       10      0                  0                   0                     0                   0           0
             0                 0          0       0          0             0      17319.620           0    33                       0                 0              0                0                0                    0         23    16         23      0         0                  0                 0                 11            0       48       10      0                  0                   0                     0                   0           0
             0                 0          0       0          0             0      17885.420           0    34                       0                 0              0                0                0                    0         23    16         23      0         0                  0                 0                 11            0       48       10      0                  0                   0                     0                   0           0
             0                 0          0       0          0             0      18451.220           0    35                       0                 0              0                0                0                    0         23    16         23      0         0                  0                 0                 11            0       48       10      0                  0                   0                     0                   0           0
             0                 0          0       0          0             0      19017.020           0    36                       0                 0              0                0                0                    0         23    16         23      0         0                  0                 0                 11            0       48       10      0                  0                   0                     0                   0           0
             0                 0          0       0          0             0      19582.820           0    37                       0                 0              0                0                0                    0         23    16         23      0         0                  0                 0                 11            0       48       10      0                  0                   0                     0                   0           0
             0                 0          0       0          0             0      20148.620           0    38                       0                 0              0                0                0                    0         23    16         23      0         0                  0                 0                 11            0       48       10      0                  0                   0                     0                   0           0
             0                 0          0       0          0             0      20714.420           0    39                       0                 0              0                0                0                    0         23    16         23      0         0                  0                 0                 11            0       48       10      0                  0                   0                     0                   0           0
             0                 0          0       0          0             0      21280.220           0    40                       0                 0              0                0                0                    0         23    16         23      0         0                  0                 0                 11            0       48       10      0                  0                   0                     0                   0           0
             0                 0          0       0          0             0      21846.020           0    41                       0                 0              0                0                0                    0         23    16         23      0         0                  0                 0                 11            0       48       10      0                  0                   0                     0                   0           0
             0                 0          0       0          0             0      22411.820           0    42                       0                 0              0                0                0                    0         23    16         23      0         0                  0                 0                 11            0       48       10      0                  0                   0                     0                   0           0
             0                 0          0       0          0             0      22977.620           0    43                       0                 0              0                0                0                    0         23    16         23      0         0                  0                 0                 11            0       48       10      0                  0                   0                     0                   0           0
             0                 0          0       0          0             0      23543.420           0    44                       0                 0              0                0                0                    0         23    16         23      0         0                  0                 0                 11            0       48       10      0                  0                   0                     0                   0           0
             0                 0          0       0          0             0      24109.220           0    45                       0                 0              0                0                0                    0         23    16         23      0         0                  0                 0                 11            0       48       10      0                  0                   0                     0                   0           0
             0                 0          0       0          0             0      24675.020           0    46                       0                 0              0                0                0                    0         23    16         23      0         0                  0                 0                 11            0       48       10      0                  0                   0                     0                   0           0
             0                 0          0       0          0             0      25240.820           0    47                       0                 0              0                0                0                    0         23    16         23      0         0                  0                 0                 11            0       48       10      0                  0                   0                     0                   0           0
             0                 0          0       0          0             0      25806.620           0    48                       0                 0              0                0                0                    0         23    16         23      0         0                  0                 0                 11            0       48       10      0                  0                   0                     0                   0           0
             0                 0          0       0          0             0      26372.420           0    49                       0                 0              0                0                0                    0         23    16         23      0         0                  0                 0                 11            0       48       10      0                  0                   0                     0                   0           0
             0                 0          0       0          0             0      26938.220           0    50                       0                 0              0                0                0                    0         23    16         23      0         0                  0                 0                 11            0       48       10      0                  0                   0                     0                   0           0
             0                 0          0       0          0             0      27504.020           0    51                       0                 0              0                0                0                    0         23    16         23      0         0                  0                 0                 11            0       48       10      0                  0                   0                     0                   0           0
             0                 0          0       0          0             0      28069.820           0    52                       0                 0              0                0                0                    0         23    16         23      0         0                  0                 0                 11            0       48       10      0                  0                   0                     0                   0           0
             0                 0          0       0          0             0      28635.620           0    53                       0                 0              0                0                0                    0         23    16         23      0         0                  0                 0                 11            0       48       10      0                  0                   0                     0                   0           0
             0                 0          0       0          0             0      29201.420           0    54                       0                 0              0                0                0                    0         23    16         23      0         0                  0                 0                 11            0       48       10      0                  0                   0                     0                   0           0
             0                 0          0       0          0             0      29767.220           0    55                       0                 0              0                0                0                    0         23    16         23      0         0                  0                 0                 11            0       48       10      0                  0                   0                     0                   0           0
             0                 0          0       0          0             0      30333.020           0    56                       0                 0              0                0                0                    0         23    16         23      0         0                  0                 0                 11            0       48       10      0                  0                   0                     0                   0           0
             0                 0          0       0          0             0      30898.820           0    57                       0                 0              0                0                0                    0         23    16         23      0         0                  0                 0                 11            0       48       10      0                  0                   0                     0                   0           0
             0                 0          0       0          0             0      31464.620           0    58                       0                 0              0                0                0                    0         23    16         23      0         0                  0                 0                 11            0       48       10      0                  0                   0                     0                   0           0
             9                 3          7   1.667     29.000       113.000      33201.620           0    59                       0                 0              0                0                0                    0         23    26         23      0         0                  0                 0                 11            0       48       10      0                  0                   0                     0                   0           6
             0                 2          0   1.500     86.500       164.000      34001.660           0    60                       0                 0              0                0                0                    0         23    28         23      0         0                  0                 0                 14            6       48       10      0                  0                   0                     0                   0           4
             0                 2          0   2.000    187.500       359.000      34801.700           0    61                       0                 0              0                0                0                    0         23    30         23      0         0                  0                 0                 14            2       48       10      0                  0                   0                     0                   0           2
             0                 1          0   2.000    268.000       248.000      35484.620           0    62                       0                 0              0                0                0                    0         23    31         23      0         0                  0                 0                 14            2       48       10      0                  0                   0                     0                   0           1
             0                 1          0   2.000    369.000       348.000      36167.540           0    63                       0                 0              0                0                0                    0         23    32         23      0         0                  0                 0                 14            1       48       10      0                  0                   0                     0                   0           0
             0                 0          0       0          0             0      36733.340           0    64                       0                 0              0                0                0                    0         23    32         23      0         0                  0                 0                 14            1       48       10      0                  0                   0                     0                   0           0
             0                 0          0       0          0             0      37299.140           0    65                       0                 0              0                0                0                    0         23    32         23      0         0                  0                 0                 14            0       48       10      0                  0                   0                     0                   0           0
             0                 0          0       0          0             0      37864.940           0    66                       0                 0              0                0                0                    0         23    32         23      0         0                  0                 0                 14            0       48       10      0                  0                   0                     0                   0           0
             0                 0          0       0          0             0      38430.740           0    67                       0                 0              0                0                0                    0         23    32         23      0         0                  0                 0                 14            0       48       10      0                  0                   0                     0                   0           0
             0                 0          0       0          0             0      38996.540           0    68                       0                 0              0                0                0                    0         23    32         23      0         0                  0                 0                 14            0       48       10      0                  0                   0                     0                   0           0
             0                 0          0       0          0             0      39562.340           0    69                       0                 0              0                0                0                    0         23    32         23      0         0                  0                 0                 14            0       48       10      0                  0                   0                     0                   0           0
             0                 0          0       0          0             0      40128.140           0    70                       0                 0              0                0                0                    0         23    32         23      0         0                  0                 0                 14            0       48       10      0                  0                   0                     0                   0           0
             0                 0          0       0          0             0      40693.940           0    71                       0                 0              0                0                0                    0         23    32         23      0         0                  0                 0                 14            0       48       10      0                  0                   0                     0                   0           0
             0                 0          0       0          0             0      41259.740           0    72                       0                 0              0                0                0                    0         23    32         23      0         0                  0                 0                 14            0       48       10      0                  0                   0                     0                   0           0
             0                 0          0       0          0             0      41825.540           0    73                       0                 0              0                0                0                    0         23    32         23      0         0                  0                 0                 14            0       48       10      0                  0                   0                     0                   0           0
             0                 0          0       0          0             0      42391.340           0    74                       0                 0              0                0                0                    0         23    32         23      0         0                  0                 0                 14            0       48       10      0                  0                   0                     0                   0           0
             0                 0          0       0          0             0      42957.140           0    75                       0                 0              0                0                0                    0         23    32         23      0         0                  0                 0                 14            0       48       10      0                  0                   0                     0                   0           0
             0                 0          0       0          0             0      43522.940           0    76                       0                 0              0                0                0                    0         23    32         23      0         0                  0                 0                 14            0       48       10      0                  0                   0                     0                   0           0
             0                 0          0       0          0             0      44088.740           0    77                       0                 0              0                0                0                    0         23    32         23      0         0                  0                 0                 14            0       48       10      0                  0                   0                     0                   0           0
             0                 0          0       0          0             0      44654.540           0    78                       0                 0              0                0                0                    0         23    32         23      0         0                  0                 0                 14            0       48       10      0                  0                   0                     0                   0           0
             0                 0          0       0          0             0      45220.340           0    79                       0                 0              0                0                0                    0         23    32         23      0         0                  0                 0                 14            0       48       10      0                  0                   0                     0                   0           0
             0                 0          0       0          0             0      45786.140           0    80                       0                 0              0                0                0                    0         23    32         23      0         0                  0                 0                 14            0       48       10      0                  0                   0                     0                   0           0
             0                 0          0       0          0             0      46351.940           0    81                       0                 0              0                0                0                    0         23    32         23      0         0                  0                 0                 14            0       48       10      0                  0                   0                     0                   0           0
             0                 0          0       0          0             0      46917.740           0    82                       0                 0              0                0                0                    0         23    32         23      0         0                  0                 0                 14            0       48       10      0                  0                   0                     0                   0           0
             0                 0          0       0          0             0      47483.540           0    83                       0                 0              0                0                0                    0         23    32         23      0         0                  0                 0                 14            0       48       10      0                  0                   0                     0                   0           0
             0                 0          0       0          0             0      48049.340           0    84                       0                 0              0                0                0                    0         23    32         23      0         0                  0                 0                 14            0       48       10      0                  0                   0                     0                   0           0
             0                 0          0       0          0             0      48615.140           0    85                       0                 0              0                0                0                    0         23    32         23      0         0                  0                 0                 14            0       48       10      0                  0                   0                     0                   0           0
             0                 0          0       0          0             0      49180.940           0    86                       0                 0              0                0                0                    0         23    32         23      0         0                  0                 0                 14            0       48       10      0                  0                   0                     0                   0           0
             0                 0          0       0          0             0      49746.740           0    87                       0                 0              0                0                0                    0         23    32         23      0         0                  0                 0                 14            0       48       10      0                  0                   0                     0                   0           0
             0                 0          0       0          0             0      50312.540           0    88                       0                 0              0                0                0                    0         23    32         23      0         0                  0                 0                 14            0       48       10      0                  0                   0                     0                   0           0
             0                 0          0       0          0             0      50878.340           0    89                       0                 0              0                0                0                    0         23    32         23      0         0                  0                 0                 14            0       48       10      0                  0                   0                     0                   0           0
             0                 0          0       0          0             0      51444.140           0    90                       0                 0              0                0                0                    0         23    32         23      0         0                  0                 0                 14            0       48       10      0                  0                   0                     0                   0           0
             0                 0          0       0          0             0      52009.940           0    91                       0                 0              0                0                0                    0         23    32         23      0         0                  0                 0                 14            0       48       10      0                  0                   0                     0                   0           0
             0                 0          0       0          0             0      52575.740           0    92                       0                 0              0                0                0                    0         23    32         23      0         0                  0                 0                 14            0       48       10      0                  0                   0                     0                   0           0
             0                 0          0       0          0             0      53141.540           0    93                       0                 0              0                0                0                    0         23    32         23      0         0                  0                 0                 14            0       48       10      0                  0                   0                     0                   0           0
             0                 0          0       0          0             0      53707.340           0    94                       0                 0              0                0                0                    0         23    32         23      0         0                  0                 0                 14            0       48       10      0                  0                   0                     0                   0           0
             0                 0          0       0          0             0      54273.140           0    95                       0                 0              0                0                0                    0         23    32         23      0         0                  0                 0                 14            0       48       10      0                  0                   0                     0                   0           0
             0                 0          0       0          0             0      54838.940           0    96                       0                 0              0                0                0                    0         23    32         23      0         0                  0                 0                 14            0       48       10      0                  0                   0                     0                   0           0
             0                 0          0       0          0             0      55404.740           0    97                       0                 0              0                0                0                    0         23    32         23      0         0                  0                 0                 14            0       48       10      0                  0                   0                     0                   0           0
             0                 0          0       0          0             0      55970.540           0    98                       0                 0              0                0                0                    0         23    32         23      0         0                  0                 0                 14            0       48       10      0                  0                   0                     0                   0           0
             0                 0          0       0          0             0      56536.340           0    99                       0                 0              0                0                0                    0         23    32         23      0         0                  0                 0                 14            0       48       10      0                  0                   0                     0                   0           0
#pos runNum=0 0@(1.00000,1.00000)@0 1@(0.92943,0.77257)@804 2@(0.93117,0.92381)@546 3@(0.95248,0.75979)@682 4@(0.90029,0.82963)@544 5@(0.86714,1.02984)@1126 6@(0.94302,0.68506)@1429 7@(1.03540,0.95771)@558 8@(0.89182,0.77921)@1372 9@(1.04261,0.90408)@1372
#links runNum=0 1-3@-75dBm@1.000 0-4@-87dBm@0.940 3-7@-90dBm@0.861 0-1@-92dBm@0.698 4-5@-90dBm@0.863 2-5@-84dBm@0.974 3-6@-94dBm@0.505 0-2@-82dBm@0.985 2-8@-93dBm@0.649 3-8@-85dBm@0.963 0-7@-83dBm@0.974 3-4@-91dBm@0.738 6-8@-92dBm@0.679 7-9@-92dBm@0.688 0-3@-91dBm@0.782 1-2@-86dBm@0.958 1-4@-81dBm@0.985 0-5@-93dBm@0.548 4-6@-85dBm@0.961 1-6@-89dBm@0.888 8-9@-96dBm@0.139 1-8@-80dBm@0.991 4-7@-94dBm@0.471 2-3@-91dBm@0.756 2-7@-96dBm@0.119 4-9@-87dBm@0.944 1-7@-91dBm@0.795 6-9@-88dBm@0.908 1-9@-88dBm@0.905
#aveChargePerCycle runNum=0 0@150.13 1@72.58 2@99.71 3@73.75 4@137.78 5@1.94 6@1.30 7@25.84 8@1.30 9@1.30
# appGenerated appReachesDagroot appRelayed aveHops aveLatency aveQueueDelay chargeConsumed collidedTxs cycle droppedAppFailedEnqueue droppedMacRetries droppedNoRoute droppedNoTxCells droppedQueueFull effectiveCollidedTxs numRxCells numTx numTxCells otfAdd otfRemove probableCollisions rplChurnParentSet rplChurnPrefParent rplChurnRank rplRxDIO rplTxDIO runNum scheduleCollisions topRxRelocatedCells topTxRelocatedBundles topTxRelocatedCells txQueueFill
             0                 0          0       0          0             0              0           0     0                       0                 0              0                0                0                    0          0     0          0      0         0                  0                 0                  0            0        0        0      1                  0                   0                     0                   0           0
             0                 0          0       0          0             0              0           0     1                       0                 0              0                0                0                    0          0     0          0      0         0                  0                22                  6            0       48       10      1                  0                   0                     0                   0           0
             0                 0          0       0          0             0              0           0     2                       0                 0              0                0                0                    0          0     0          0      0         0                  0                 0                 13            0       48       10      1                  0                   0                     0                   0           0
             0                 0          0       0          0             0              0           0     3                       0                 0              0                0                0                    0          0     0          0      0         0                  0                 0                 13            0       48       10      1                  0                   0                     0                   0           0
             0                 0          0       0          0             0         98.400           0     4                       0                 0              0                0                0                    0         11     0         11     11         0                  0                 0                 13            0       48       10      1                  0                   0                     0                   0           0
             0                 0          0       0          0             0        541.200           0     5                       0                 0              0                0                0                    0         21     0         21     10         0                  0                 0                 13            0       48       10      1                  0                   0                     0                   0           0
             0                 0          0       0          0             0       1057.800           0     6                       0                 0              0                0                0                    0         21     0         21      0         0                  0                 0                 13            0       48       10      1                  0                   0                     0                   0           0
             0                 0          0       0          0             0       1574.400           0     7                       0                 0              0                0                0                    0         21     0         21      0         0                  0                 0                 13            0       48       10      1                  0                   0                     0                   0           0
             0                 0          0       0          0             0       2091.000           0     8                       0                 0              0                0                0                    0         21     0         21      0         0                  0                 0                 13            0       48       10      1                  0                   0                     0                   0           0
             0                 0          0       0          0             0       2607.600           0     9                       0                 0              0                0                0                    0         21     0         21      0         0                  0                 0                 13            0       48       10      1                  0                   0                     0                   0           0
             0                 0          0       0          0             0       3124.200           0    10                       0                 0              0                0                0                    0         21     0         21      0         0                  0                 0                 13            0       48       10      1                  0                   0                     0                   0           0
             0                 0          0       0          0             0       3640.800           0    11                       0                 0              0                0                0                    0         21     0         21      0         0                  0                 0                 13            0       48       10      1                  0                   0                     0                   0           0
             0                 0          0       0          0             0       4157.400           0    12                       0                 0              0                0                0                    0         21     0         21      0         0                  0                 0                 13            0       48       10      1                  0                   0                     0                   0           0
             0                 0          0       0          0             0       4674.000           0    13                       0                 0              0                0                0                    0         21     0         21      0         0                  0                 0                 13            0       48       10      1                  0                   0                     0                   0           0
             0                 0          0       0          0             0       5190.600           0    14                       0                 0              0                0                0                    0         21     0         21      0         0                  0                 0                 13            0       48       10      1                  0                   0                     0                   0           0
             0                 0          0       0          0             0       5707.200           0    15                       0                 0              0                0                0                    0         21     0         21      0         0                  0                 0                 13            0       48       10      1                  0                   0                     0                   0           0
             0                 0          0       0          0             0       6223.800           0    16                       0                 0              0                0                0                    0         21     0         21      0         0                  0                 0                 13            0       48       10      1                  0                   0                     0                   0           0
             0                 0          0       0          0             0       6740.400           0    17                       0                 0              0                0                0                    0         21     0         21      0         0                  0                 0                 13            0       48       10      1                  0                   0                     0                   0           0
             0                 0          0       0          0             0       7257.000           0    18                       0                 0              0                0                0                    0         21     0         21      0         0                  0                 0                 13            0       48       10      1                  0                   0                     0                   0           0
             9                 0          1       0          0         5.000       7955.540           0    19                       0                 0              0                0                0                    0         21     2         21      0         0                  0                 0                 13            0       48       10      1                  0                   0                     0                   0           9
             0                 4          6   1.000     73.750       463.000       9708.160           0    20                       0                 0              0                0                0                    0         21    13         21      0         0                  0                 0                 13            1       48       10      1                  0                   0                     0                   0           5
             0                 2          2   2.000    196.000       418.000      10693.240           0    21                       0                 0              0                0                0                    0         21    17         21      0         0                  0                 0                 13            4       48       10      1                  0                   0                     0                   0           3
             0                 1          0   3.000    294.000       250.000      11326.960           0    22                       0                 0              0                0                0                    0         21    18         21      0         0                  0                 0                 13            2       48       10      1                  0                   0                     0                   0           2
             0                 1          0   3.000    395.000       325.000      11960.680           0    23                       0                 0              0                0                0                    0         21    19         21      0         0                  0                 1                 13            1       48       10      1                  0                   0                     0                   0           1
             0                 1          0   4.000    496.000       351.000      12594.400           0    24                       0                 0              0                0                0                    0         21    20         21      0         0                  0                 0                 13            1       48       10      1                  0                   0                     0                   0           0
             0                 0          0       0          0             0      13135.600           0    25                       0                 0              0                0                0                    0         23    20         23      1         0                  0                 0                 13            1       48       10      1                  0                   0                     0                   0           0
             0                 0          0       0          0             0      13701.400           0    26                       0                 0              0                0                0                    0         23    20         23      0         0                  0                 0                 13            0       48       10      1                  0                   0                     0                   0           0
             0                 0          0       0          0             0      14267.200           0    27                       0                 0              0                0                0                    0         23    20         23      0         0                  0                 0                 13            0       48       10      1                  0                   0                     0                   0           0
             0                 0          0       0          0             0      14833.000           0    28                       0                 0              0                0                0                    0         23    20         23      0         0                  0                 0                 13            0       48       10      1                  0                   0                     0                   0           0
             0                 0          0       0          0             0      15398.800           0    29                       0                 0              0                0                0                    0         23    20         23      0         0                  0                 0                 13            0       48       10      1                  0                   0                     0                   0           0
             0                 0          0       0          0             0      15964.600           0    30                       0                 0              0                0                0                    0         23    20         23      0         0                  0                 0                 13            0       48       10      1                  0                   0                     0                   0           0
             0                 0          0       0          0             0      16530.400           0    31                       0                 0              0                0                0                    0         23    20         23      0         0                  0                 0                 13            0       48       10      1                  0                   0                     0                   0           0
             0                 0          0       0          0             0      17096.200           0    32                       0                 0              0                0                0                    0         23    20         23      0         0                  0                 0                 13            0       48       10      1                  0                   0                     0                   0           0
             0                 0          0       0          0             0      17662.000           0    33                       0                 0              0                0                0                    0         23    20         23      0         0                  0                 0                 13            0       48       10      1                  0                   0                     0                   0           0
             0                 0          0       0          0             0      18227.800           0    34                       0                 0              0                0                0                    0         23    20         23      0         0                  0                 0                 13            0       48       10      1                  0                   0                     0                   0           0
             0                 0          0       0          0             0      18793.600           0    35                       0                 0              0                0                0                    0         23    20         23      0         0                  0                 0                 13            0       48       10      1                  0                   0                     0                   0           0
             0                 0          0       0          0             0      19359.400           0    36                       0                 0              0                0                0                    0         23    20         23      0         0                  0                 0                 13            0       48       10      1                  0                   0                     0                   0           0
             0                 0          0       0          0             0      19925.200           0    37                       0                 0              0                0                0                    0         23    20         23      0         0                  0                 0                 13            0       48       10      1                  0                   0                     0                   0           0
             0                 0          0       0          0             0      20491.000           0    38                       0                 0              0                0                0                    0         23    20         23      0         0                  0                 0                 13            0       48       10      1                  0                   0                     0                   0           0
             0                 0          0       0          0             0      21056.800           0    39                       0                 0              0                0                0                    0         23    20         23      0         0                  0                 0                 13            0       48       10      1                  0                   0                     0                   0           0
             0                 0          0       0          0             0      21622.600           0    40                       0                 0              0                0                0                    0         23    20         23      0         0                  0                 0                 13            0       48       10      1                  0                   0                     0                   0           0
             0                 0          0       0          0             0      22188.400           0    41                       0                 0              0                0                0                    0         23    20         23      0         0                  0                 0                 13            0       48       10      1                  0                   0                     0                   0           0
             0                 0          0       0          0             0      22754.200           0    42                       0                 0              0                0                0                    0         23    20         23      0         0                  0                 0                 13            0       48       10      1                  0                   0                     0                   0           0
             0                 0          0       0          0             0      23320.000           0    43                       0                 0              0                0                0                    0         23    20         23      0         0                  0                 0                 13            0       48       10      1                  0                   0                     0                   0           0
             0                 0          0       0          0             0      23885.800           0    44                       0                 0              0                0                0                    0         23    20         23      0         0                  0                 0                 13            0       48       10      1                  0                   0                     0                   0           0
             0                 0          0       0          0             0      24451.600           0    45                       0                 0              0                0                0                    0         23    20         23      0         0                  0                 0                 13            0       48       10      1                  0                   0                     0                   0           0
             0                 0          0       0          0             0      25017.400           0    46                       0                 0              0                0                0                    0         23    20         23      0         0                  0                 0                 13            0       48       10      1                  0                   0                     0                   0           0
             0                 0          0       0          0             0      25583.200           0    47                       0                 0              0                0                0                    0         23    20         23      0         0                  0                 0                 13            0       48       10      1                  0                   0                     0                   0           0
             0                 0          0       0          0             0      26149.000           0    48                       0                 0              0                0                0                    0         23    20         23      0         0                  0                 0                 13            0       48       10      1                  0                   0                     0                   0           0
             0                 0          0       0          0             0      26714.800           0    49                       0                 0              0                0                0                    0         23    20         23      0         0                  0                 0                 13            0       48       10      1                  0                   0                     0                   0           0
             0                 0          0       0          0             0      27280.600           0    50                       0                 0              0                0                0                    0         23    20         23      0         0                  0                 0                 13            0       48       10      1                  0                   0                     0                   0           0
             0                 0          0       0          0             0      27846.400           0    51                       0                 0              0                0                0                    0         23    20         23      0         0                  0                 0                 13            0       48       10      1                  0                   0                     0                   0           0
             0                 0          0       0          0             0      28412.200           0    52                       0                 0              0                0                0                    0         23    20         23      0         0                  0                 0                 13            0       48       10      1                  0                   0                     0                   0           0
             0                 0          0       0          0             0      28978.000           0    53                       0                 0              0                0                0                    0         23    20         23      0         0                  0                 0                 13            0       48       10      1                  0                   0                     0                   0           0
             0                 0          0       0          0             0      29543.800           0    54                       0                 0              0                0                0                    0         23    20         23      0         0                  0                 0                 13            0       48       10      1                  0                   0                     0                   0           0
             0                 0          0       0          0             0      30109.600           0    55                       0                 0              0                0                0                    0         23    20         23      0         0                  0                 0                 13            0       48       10      1                  0                   0                     0                   0           0
             0                 0          0       0          0             0      30675.400           0    56                       0                 0              0                0                0                    0         23    20         23      0         0                  0                 0                 13            0       48       10      1                  0                   0                     0                   0           0
             0                 0          0       0          0             0      31241.200           0    57                       0                 0              0                0                0                    0         23    20         23      0         0                  0                 0                 13            0       48       10      1                  0                   0                     0                   0           0
             0                 0          0       0          0             0      31807.000           0    58                       0                 0              0                0                0                    0         23    20         23      0         0                  0                 0                 13            0       48       10      1                  0                   0                     0                   0           0
             9                 2          5   1.500     34.000       192.500      33387.100           0    59                       0                 0              0                0                0                    0         23    30         23      0         0                  0                 0                 13            0       48       10      1                  0                   0                     0                   0           7
             0                 4          5   1.750    113.750       404.333      35071.800           0    60                       0                 0              0                0                0                    0         23    40         23      0         0                  0                 0                 13            2       48       10      1                  0                   0                     0                   0           3
             0                 1          0   3.000    233.000       159.000      35754.720           0    61                       0                 0              0                0                0                    0         23    41         23      0         0                  0                 0                 13            6       48       10      1                  0                   0                     0                   0           2
             0                 1          0   3.000    334.000       250.000      36437.640           0    62                       0                 0              0                0                0                    0         23    42         23      0         0                  0                 0                 13            1       48       10      1                  0                   0                     0                   0           1
             0                 1          0   3.000    435.000       300.000      37120.560           0    63                       0                 0              0                0                0                    0         23    43         23      0         0                  0                 0                 13            1       48       10      1                  0                   0                     0                   0           0
             0                 0          0       0          0             0      37760.160           0    64                       0                 0              0                0                0                    0         26    43         26      1         0                  0                 0                 13            1       48       10      1                  0                   0                     0                   0           0
             0                 0          0       0          0             0      38399.760           0    65                       0                 0              0                0                0                    0         26    43         26      0         0                  0                 0                 13            0       48       10      1                  0                   0                     0                   0           0
             0                 0          0       0          0             0      39039.360           0    66                       0                 0              0                0                0                    0         26    43         26      0         0                  0                 0                 13            0       48       10      1                  0                   0                     0                   0           0
             0                 0          0       0          0             0      39678.960           0    67                       0                 0              0                0                0                    0         26    43         26      0         0                  0                 0                 13            0       48       10      1                  0                   0                     0                   0           0
             0                 0          0       0          0             0      40318.560           0    68                       0                 0              0                0                0                    0         26    43         26      0         0                  0                 0                 13            0       48       10      1                  0                   0                     0                   0           0
             0                 0          0       0          0             0      40958.160           0    69                       0                 0              0                0                0                    0         26    43         26      0         0                  0                 0                 13            0       48       10      1                  0                   0                     0                   0           0
             0                 0          0       0          0             0      41597.760           0    70                       0                 0              0                0                0                    0         26    43         26      0         0                  0                 0                 13            0       48       10      1                  0                   0                     0                   0           0
             0                 0          0       0          0             0      42237.360           0    71                       0                 0              0                0                0                    0         26    43         26      0         0                  0                 0                 13            0       48       10      1                  0                   0                     0                   0           0
             0                 0          0       0          0             0      42876.960           0    72                       0                 0              0                0                0                    0         26    43         26      0         0                  0                 0                 13            0       48       10      1                  0                   0                     0                   0           0
             0                 0          0       0          0             0      43516.560           0    73                       0                 0              0                0                0                    0         26    43         26      0         0                  0                 0                 13            0       48       10      1                  0                   0                     0                   0           0
             0                 0          0       0          0             0      44156.160           0    74                       0                 0              0                0                0                    0         26    43         26      0         0                  0                 0                 13            0       48       10      1                  0                   0                     0                   0           0
             0                 0          0       0          0             0      44795.760           0    75                       0                 0              0                0                0                    0         26    43         26      0         0                  0                 0                 13            0       48       10      1                  0                   0                     0                   0           0
             0                 0          0       0          0             0      45435.360           0    76                       0                 0              0                0                0                    0         26    43         26      0         0                  0                 0                 13            0       48       10      1                  0                   0                     0                   0           0
             0                 0          0       0          0             0      46074.960           0    77                       0                 0              0                0                0                    0         26    43         26      0         0                  0                 0                 13            0       48       10      1                  0                   0                     0                   0           0
             0                 0          0       0          0             0      46714.560           0    78                       0                 0              0                0                0                    0         26    43         26      0         0                  0                 0                 13            0       48       10      1                  0                   0                     0                   0           0
             0                 0          0       0          0             0      47354.160           0    79                       0                 0              0                0                0                    0         26    43         26      0         0                  0                 0                 13            0       48       10      1                  0                   0                     0                   0           0
             0                 0          0       0          0             0      47993.760           0    80                       0                 0              0                0                0                    0         26    43         26      0         0                  0                 0                 13            0       48       10      1                  0                   0                     0                   0           0
             0                 0          0       0          0             0      48633.360           0    81                       0                 0              0                0                0                    0         26    43         26      0         0                  0                 0                 13            0       48       10      1                  0                   0                     0                   0           0
             0                 0          0       0          0             0      49272.960           0    82                       0                 0              0                0                0                    0         26    43         26      0         0                  0                 0                 13            0       48       10      1                  0                   0                     0                   0           0
             0                 0          0       0          0             0      49912.560           0    83                       0                 0              0                0                0                    0         26    43         26      0         0                  0                 0                 13            0       48       10      1                  0                   0                     0                   0           0
             0                 0          0       0          0             0      50552.160           0    84                       0                 0              0                0                0                    0         26    43         26      0         0                  0                 0                 13            0       48       10      1                  0                   0                     0                   0           0
             0                 0          0       0          0             0      51191.760           0    85                       0                 0              0                0                0                    0         26    43         26      0         0                  0                 0                 13            0       48       10      1                  0                   0                     0                   0           0
             0                 0          0       0          0             0      51831.360           0    86                       0                 0              0                0                0                    0         26    43         26      0         0                  0                 0                 13            0       48       10      1                  0                   0                     0                   0           0
             0                 0          0       0          0             0      52470.960           0    87                       0                 0              0                0                0                    0         26    43         26      0         0                  0                 0                 13            0       48       10      1                  0                   0                     0                   0           0
             0                 0          0       0          0             0      53110.560           0    88                       0                 0              0                0                0                    0         26    43         26      0         0                  0                 0                 13            0       48       10      1                  0                   0                     0                   0           0
             0                 0          0       0          0             0      53750.160           0    89                       0                 0              0                0                0                    0         26    43         26      0         0                  0                 0                 13            0       48       10      1                  0                   0                     0                   0           0
             0                 0          0       0          0             0      54389.760           0    90                       0                 0              0                0                0                    0         26    43         26      0         0                  0                 0                 13            0       48       10      1                  0                   0                     0                   0           0
             0                 0          0       0          0             0      55029.360           0    91                       0                 0              0                0                0                    0         26    43         26      0         0                  0                 0                 13            0       48       10      1                  0                   0                     0                   0           0
             0                 0          0       0          0             0      55668.960           0    92                       0                 0              0                0                0                    0         26    43         26      0         0                  0                 0                 13            0       48       10      1                  0                   0                     0                   0           0
             0                 0          0       0          0             0      56308.560           0    93                       0                 0              0                0                0                    0         26    43         26      0         0                  0                 0                 13            0       48       10      1                  0                   0                     0                   0           0
             0                 0          0       0          0             0      56948.160           0    94                       0                 0              0                0                0                    0         26    43         26      0         0                  0                 0                 13            0       48       10      1                  0                   0                     0                   0           0
             0                 0          0       0          0             0      57587.760           0    95                       0                 0              0                0                0                    0         26    43         26      0         0                  0                 0                 13            0       48       10      1                  0                   0                     0                   0           0
             0                 0          0       0          0             0      58227.360           0    96                       0                 0              0                0                0                    0         26    43         26      0         0                  0                 0                 13            0       48       10      1                  0                   0                     0                   0           0
             0                 0          0       0          0             0      58866.960           0    97                       0                 0              0                0                0                    0         26    43         26      0         0                  0                 0                 13            0       48       10      1                  0                   0                     0                   0           0
             0                 0          0       0          0             0      59506.560           0    98                       0                 0              0                0                0                    0         26    43         26      0         0                  0                 0                 13            0       48       10      1                  0                   0                     0                   0           0
             0                 0          0       0          0             0      60146.160           0    99                       0                 0              0                0                0                    0         26    43         26      0         0                  0                 0                 13            0       48       10      1                  0                   0                     0                   0           0
#pos runNum=1 0@(1.00000,1.00000)@0 1@(1.33679,1.27552)@1126 2@(1.13853,1.07768)@1024 3@(1.05201,1.17895)@568 4@(1.17304,1.08258)@597 5@(1.10798,1.08207)@1536 6@(1.16876,1.03304)@1592 7@(1.09130,1.14735)@1830 8@(1.22579,1.36410)@768 9@(1.24858,1.13299)@768
#links runNum=1 2-5@-72dBm@1.000 4-5@-80dBm@0.994 0-2@-93dBm@0.556 1-8@-87dBm@0.948 0-4@-89dBm@0.891 3-9@-92dBm@0.688 3-4@-91dBm@0.719 2-4@-82dBm@0.984 0-3@-90dBm@0.864 1-7@-90dBm@0.814 0-9@-92dBm@0.694 4-8@-93dBm@0.639 5-7@-89dBm@0.866 1-2@-92dBm@0.666 5-6@-92dBm@0.663 2-6@-80dBm@0.991 3-5@-88dBm@0.936 2-3@-87dBm@0.939 1-3@-93dBm@0.557 2-7@-84dBm@0.969 1-5@-96dBm@0.077 6-7@-89dBm@0.890 5-8@-96dBm@0.123 6-8@-94dBm@0.321 0-1@-93dBm@0.530 6-9@-83dBm@0.977 4-6@-92dBm@0.687 0-8@-93dBm@0.617
#aveChargePerCycle runNum=1 0@175.96 1@26.21 2@74.92 3@141.05 4@100.63 5@26.08 6@1.30 7@2.59 8@26.49 9@26.49